                            OLS Regression Results                            
==============================================================================
Dep. Variable:                   MATH   R-squared:                       0.829
Model:                            OLS   Adj. R-squared:                  0.799
Method:                 Least Squares   F-statistic:                     27.14
Date:                Mon, 24 Apr 2023   Prob (F-statistic):          5.35e-146
Time:                        23:38:04   Log-Likelihood:                -2978.6
No. Observations:                 600   AIC:                             6141.
Df Residuals:                     508   BIC:                             6546.
Df Model:                          91                                         
Covariance Type:            nonrobust                                         
==============================================================================
                 coef    std err          t      P>|t|      [0.025      0.975]
------------------------------------------------------------------------------
Intercept     47.7957     10.980      4.353      0.000      26.223      69.368
PV1READ        0.0539      0.047      1.155      0.249      -0.038       0.146
PV2READ       -0.0230      0.045     -0.518      0.605      -0.110       0.064
PV3READ       -0.0004      0.049     -0.008      0.994      -0.097       0.096
PV4READ        0.0216      0.047      0.462      0.644      -0.070       0.113
PV5READ        0.0487      0.048      1.023      0.307      -0.045       0.142
PV6READ       -0.0562      0.046     -1.212      0.226      -0.147       0.035
PV7READ       -0.0182      0.047     -0.388      0.698      -0.110       0.074
PV8READ       -0.0534      0.048     -1.107      0.269      -0.148       0.041
PV9READ        0.0406      0.045      0.911      0.363      -0.047       0.128
PV1SCIE        0.5734      0.067      8.579      0.000       0.442       0.705
PV2SCIE        0.0818      0.067      1.228      0.220      -0.049       0.213
PV3SCIE        0.0126      0.072      0.174      0.862      -0.130       0.155
PV4SCIE       -0.0789      0.066     -1.190      0.234      -0.209       0.051
PV5SCIE       -0.0628      0.070     -0.893      0.372      -0.201       0.075
PV6SCIE        0.1196      0.065      1.844      0.066      -0.008       0.247
PV7SCIE        0.0724      0.066      1.093      0.275      -0.058       0.202
PV8SCIE        0.0322      0.067      0.481      0.630      -0.099       0.163
PV9SCIE       -0.0149      0.063     -0.236      0.813      -0.139       0.109
PV1SCEP       -0.0675      0.061     -1.105      0.270      -0.187       0.052
PV2SCEP        0.1090      0.062      1.746      0.081      -0.014       0.232
PV3SCEP       -0.0139      0.058     -0.239      0.811      -0.128       0.100
PV4SCEP       -0.0117      0.061     -0.192      0.848      -0.132       0.108
PV5SCEP       -0.0837      0.068     -1.224      0.222      -0.218       0.051
PV6SCEP        0.1079      0.061      1.777      0.076      -0.011       0.227
PV7SCEP       -0.0957      0.064     -1.488      0.137      -0.222       0.031
PV9SCEP        0.1214      0.063      1.938      0.053      -0.002       0.245
PV10SCEP      -0.0142      0.062     -0.229      0.819      -0.136       0.108
PV1SCED        0.1677      0.049      3.411      0.001       0.071       0.264
PV2SCED       -0.0212      0.054     -0.390      0.697      -0.128       0.086
PV3SCED        0.0549      0.053      1.037      0.300      -0.049       0.159
PV4SCED       -0.1023      0.055     -1.854      0.064      -0.211       0.006
PV5SCED        0.0847      0.056      1.525      0.128      -0.024       0.194
PV6SCED       -0.0571      0.051     -1.110      0.267      -0.158       0.044
PV7SCED        0.0426      0.053      0.811      0.418      -0.061       0.146
PV8SCED       -0.0435      0.048     -0.915      0.361      -0.137       0.050
PV9SCED        0.0092      0.053      0.174      0.862      -0.094       0.113
PV10SCED       0.0498      0.053      0.948      0.343      -0.053       0.153
PV1SCID       -0.0400      0.061     -0.654      0.513      -0.160       0.080
PV2SCID        0.0331      0.060      0.552      0.581      -0.085       0.151
PV3SCID        0.0039      0.063      0.062      0.950      -0.120       0.128
PV4SCID       -0.0219      0.057     -0.383      0.702      -0.134       0.090
PV5SCID        0.0741      0.060      1.225      0.221      -0.045       0.193
PV6SCID       -0.0932      0.063     -1.472      0.142      -0.218       0.031
PV7SCID        0.0541      0.063      0.864      0.388      -0.069       0.177
PV8SCID       -0.0454      0.054     -0.847      0.397      -0.151       0.060
PV9SCID       -0.0306      0.060     -0.512      0.609      -0.148       0.087
PV10SCID      -0.0611      0.059     -1.035      0.301      -0.177       0.055
PV1SKCO       -0.0255      0.061     -0.416      0.678      -0.146       0.095
PV2SKCO        0.0328      0.059      0.554      0.580      -0.084       0.149
PV3SKCO       -0.1589      0.060     -2.626      0.009      -0.278      -0.040
PV4SKCO        0.1163      0.063      1.841      0.066      -0.008       0.240
PV5SKCO       -0.0631      0.064     -0.991      0.322      -0.188       0.062
PV6SKCO        0.0605      0.062      0.983      0.326      -0.060       0.181
PV7SKCO       -0.1587      0.062     -2.549      0.011      -0.281      -0.036
PV8SKCO       -0.0286      0.062     -0.463      0.644      -0.150       0.093
PV9SKCO        0.0067      0.052      0.130      0.897      -0.095       0.109
PV10SKCO       0.0498      0.061      0.820      0.413      -0.070       0.169
PV1SKPE       -0.0125      0.068     -0.184      0.854      -0.146       0.121
PV2SKPE       -0.0394      0.064     -0.614      0.539      -0.165       0.087
PV3SKPE        0.2326      0.068      3.411      0.001       0.099       0.367
PV4SKPE       -0.0404      0.063     -0.641      0.522      -0.164       0.083
PV5SKPE        0.0645      0.067      0.966      0.335      -0.067       0.196
PV6SKPE       -0.0797      0.066     -1.199      0.231      -0.210       0.051
PV7SKPE        0.1019      0.064      1.584      0.114      -0.024       0.228
PV8SKPE        0.0010      0.063      0.016      0.987      -0.123       0.125
PV10SKPE      -0.0289      0.064     -0.449      0.654      -0.155       0.098
PV2SSPH        0.0676      0.054      1.241      0.215      -0.039       0.175
PV4SSPH        0.1499      0.052      2.894      0.004       0.048       0.252
PV5SSPH       -0.0465      0.050     -0.938      0.349      -0.144       0.051
PV6SSPH       -0.0556      0.051     -1.095      0.274      -0.156       0.044
PV7SSPH        0.0050      0.052      0.096      0.923      -0.097       0.107
PV8SSPH       -0.0546      0.053     -1.022      0.307      -0.160       0.050
PV9SSPH        0.0665      0.048      1.400      0.162      -0.027       0.160
PV10SSPH       0.0441      0.054      0.817      0.414      -0.062       0.150
PV1SSLI       -0.0117      0.061     -0.191      0.849      -0.132       0.109
PV2SSLI       -0.0843      0.060     -1.406      0.160      -0.202       0.033
PV3SSLI       -0.0930      0.058     -1.590      0.112      -0.208       0.022
PV4SSLI       -0.0633      0.058     -1.086      0.278      -0.178       0.051
PV5SSLI        0.0094      0.056      0.167      0.868      -0.101       0.120
PV6SSLI        0.0002      0.058      0.003      0.998      -0.114       0.114
PV7SSLI       -0.0720      0.060     -1.204      0.229      -0.189       0.045
PV8SSLI        0.0668      0.055      1.214      0.225      -0.041       0.175
PV9SSLI        0.0359      0.056      0.640      0.522      -0.074       0.146
PV10SSLI       0.1169      0.058      2.018      0.044       0.003       0.231
PV1SSES        0.0316      0.056      0.562      0.574      -0.079       0.142
PV2SSES       -0.0672      0.056     -1.192      0.234      -0.178       0.044
PV3SSES       -0.0393      0.053     -0.744      0.457      -0.143       0.064
PV4SSES       -0.0029      0.057     -0.050      0.960      -0.115       0.109
PV6SSES        0.0106      0.056      0.191      0.848      -0.099       0.120
PV7SSES        0.0796      0.055      1.455      0.146      -0.028       0.187
PV10SSES      -0.0889      0.052     -1.712      0.088      -0.191       0.013
==============================================================================
Omnibus:                        5.130   Durbin-Watson:                   1.807
Prob(Omnibus):                  0.077   Jarque-Bera (JB):                6.605
Skew:                           0.032   Prob(JB):                       0.0368
Kurtosis:                       3.510   Cond. No.                     3.42e+04
==============================================================================

Notes:
[1] Standard Errors assume that the covariance matrix of the errors is correctly specified.
[2] The condition number is large, 3.42e+04. This might indicate that there are
strong multicollinearity or other numerical problems.