                            OLS Regression Results                            
==============================================================================
Dep. Variable:                   MATH   R-squared:                       0.829
Model:                            OLS   Adj. R-squared:                  0.799
Method:                 Least Squares   F-statistic:                     28.06
Date:                Mon, 24 Apr 2023   Prob (F-statistic):          1.25e-147
Time:                        23:38:08   Log-Likelihood:                -2980.1
No. Observations:                 600   AIC:                             6138.
Df Residuals:                     511   BIC:                             6530.
Df Model:                          88                                         
Covariance Type:            nonrobust                                         
==============================================================================
                 coef    std err          t      P>|t|      [0.025      0.975]
------------------------------------------------------------------------------
Intercept     46.2459     10.933      4.230      0.000      24.767      67.725
PV1READ        0.0590      0.046      1.280      0.201      -0.032       0.150
PV2READ       -0.0137      0.044     -0.313      0.754      -0.100       0.072
PV3READ        0.0039      0.049      0.080      0.936      -0.092       0.100
PV4READ        0.0259      0.046      0.559      0.576      -0.065       0.117
PV6READ       -0.0551      0.046     -1.194      0.233      -0.146       0.036
PV7READ       -0.0122      0.046     -0.263      0.792      -0.104       0.079
PV8READ       -0.0488      0.048     -1.020      0.308      -0.143       0.045
PV9READ        0.0426      0.044      0.965      0.335      -0.044       0.129
PV1SCIE        0.5730      0.067      8.578      0.000       0.442       0.704
PV2SCIE        0.0677      0.066      1.028      0.305      -0.062       0.197
PV3SCIE        0.0029      0.072      0.040      0.968      -0.138       0.144
PV4SCIE       -0.0745      0.066     -1.128      0.260      -0.204       0.055
PV5SCIE       -0.0331      0.065     -0.513      0.608      -0.160       0.094
PV6SCIE        0.1232      0.065      1.904      0.057      -0.004       0.250
PV7SCIE        0.0774      0.066      1.175      0.241      -0.052       0.207
PV8SCIE        0.0327      0.067      0.490      0.625      -0.099       0.164
PV9SCIE       -0.0098      0.063     -0.156      0.876      -0.134       0.114
PV1SCEP       -0.0692      0.061     -1.139      0.255      -0.189       0.050
PV2SCEP        0.1074      0.062      1.726      0.085      -0.015       0.230
PV3SCEP       -0.0195      0.058     -0.335      0.738      -0.134       0.095
PV4SCEP       -0.0058      0.061     -0.096      0.924      -0.126       0.114
PV5SCEP       -0.0958      0.068     -1.416      0.157      -0.229       0.037
PV6SCEP        0.1088      0.061      1.793      0.074      -0.010       0.228
PV7SCEP       -0.0983      0.064     -1.540      0.124      -0.224       0.027
PV9SCEP        0.1200      0.062      1.928      0.054      -0.002       0.242
PV10SCEP      -0.0134      0.062     -0.216      0.829      -0.135       0.108
PV1SCED        0.1677      0.049      3.437      0.001       0.072       0.264
PV2SCED       -0.0266      0.054     -0.491      0.624      -0.133       0.080
PV3SCED        0.0617      0.053      1.169      0.243      -0.042       0.165
PV4SCED       -0.1087      0.055     -1.986      0.048      -0.216      -0.001
PV5SCED        0.0820      0.055      1.479      0.140      -0.027       0.191
PV6SCED       -0.0529      0.051     -1.033      0.302      -0.154       0.048
PV7SCED        0.0521      0.052      0.999      0.318      -0.050       0.155
PV8SCED       -0.0421      0.047     -0.891      0.373      -0.135       0.051
PV9SCED        0.0059      0.052      0.112      0.911      -0.097       0.108
PV10SCED       0.0440      0.052      0.845      0.399      -0.058       0.146
PV1SCID       -0.0372      0.061     -0.609      0.543      -0.157       0.083
PV2SCID        0.0339      0.060      0.570      0.569      -0.083       0.151
PV3SCID        0.0012      0.063      0.020      0.984      -0.122       0.125
PV4SCID       -0.0233      0.057     -0.410      0.682      -0.135       0.088
PV5SCID        0.0869      0.060      1.450      0.148      -0.031       0.205
PV6SCID       -0.1000      0.063     -1.588      0.113      -0.224       0.024
PV7SCID        0.0502      0.062      0.805      0.421      -0.072       0.173
PV8SCID       -0.0576      0.053     -1.087      0.278      -0.162       0.047
PV9SCID       -0.0322      0.059     -0.543      0.588      -0.149       0.084
PV10SCID      -0.0621      0.059     -1.059      0.290      -0.177       0.053
PV1SKCO       -0.0274      0.061     -0.450      0.653      -0.147       0.092
PV2SKCO        0.0154      0.052      0.297      0.767      -0.086       0.117
PV3SKCO       -0.1528      0.060     -2.534      0.012      -0.271      -0.034
PV4SKCO        0.1259      0.063      2.006      0.045       0.003       0.249
PV5SKCO       -0.0633      0.063     -1.000      0.318      -0.188       0.061
PV6SKCO        0.0643      0.061      1.051      0.294      -0.056       0.185
PV7SKCO       -0.1581      0.062     -2.541      0.011      -0.280      -0.036
PV8SKCO       -0.0319      0.062     -0.519      0.604      -0.153       0.089
PV9SKCO        0.0037      0.052      0.071      0.944      -0.098       0.105
PV10SKCO       0.0479      0.061      0.791      0.429      -0.071       0.167
PV1SKPE       -0.0134      0.068     -0.198      0.843      -0.146       0.120
PV3SKPE        0.2362      0.068      3.466      0.001       0.102       0.370
PV4SKPE       -0.0510      0.063     -0.815      0.415      -0.174       0.072
PV5SKPE        0.0594      0.066      0.897      0.370      -0.071       0.190
PV6SKPE       -0.0887      0.066     -1.348      0.178      -0.218       0.041
PV7SKPE        0.1021      0.064      1.591      0.112      -0.024       0.228
PV8SKPE       -0.0041      0.063     -0.065      0.948      -0.128       0.119
PV10SKPE      -0.0343      0.064     -0.538      0.591      -0.160       0.091
PV2SSPH        0.0497      0.052      0.954      0.340      -0.053       0.152
PV4SSPH        0.1555      0.052      3.018      0.003       0.054       0.257
PV5SSPH       -0.0400      0.049     -0.811      0.418      -0.137       0.057
PV6SSPH       -0.0602      0.051     -1.191      0.234      -0.160       0.039
PV7SSPH        0.0058      0.052      0.112      0.911      -0.096       0.107
PV8SSPH       -0.0529      0.053     -0.990      0.322      -0.158       0.052
PV9SSPH        0.0690      0.047      1.454      0.147      -0.024       0.162
PV10SSPH       0.0445      0.054      0.826      0.409      -0.061       0.150
PV1SSLI       -0.0271      0.060     -0.449      0.653      -0.145       0.091
PV2SSLI       -0.1083      0.056     -1.926      0.055      -0.219       0.002
PV3SSLI       -0.0904      0.058     -1.547      0.122      -0.205       0.024
PV4SSLI       -0.0639      0.058     -1.097      0.273      -0.178       0.051
PV5SSLI        0.0097      0.056      0.173      0.862      -0.100       0.120
PV6SSLI        0.0059      0.058      0.102      0.919      -0.108       0.120
PV7SSLI       -0.0612      0.059     -1.036      0.301      -0.177       0.055
PV8SSLI        0.0664      0.055      1.210      0.227      -0.041       0.174
PV9SSLI        0.0372      0.056      0.665      0.506      -0.073       0.147
PV10SSLI       0.1279      0.057      2.230      0.026       0.015       0.241
PV1SSES        0.0365      0.056      0.652      0.515      -0.073       0.146
PV3SSES       -0.0490      0.052     -0.934      0.351      -0.152       0.054
PV4SSES       -0.0035      0.057     -0.061      0.951      -0.115       0.108
PV6SSES        0.0074      0.055      0.133      0.894      -0.101       0.116
PV7SSES        0.0681      0.054      1.270      0.205      -0.037       0.173
PV10SSES      -0.0985      0.051     -1.922      0.055      -0.199       0.002
==============================================================================
Omnibus:                        5.411   Durbin-Watson:                   1.811
Prob(Omnibus):                  0.067   Jarque-Bera (JB):                7.124
Skew:                           0.023   Prob(JB):                       0.0284
Kurtosis:                       3.532   Cond. No.                     3.35e+04
==============================================================================

Notes:
[1] Standard Errors assume that the covariance matrix of the errors is correctly specified.
[2] The condition number is large, 3.35e+04. This might indicate that there are
strong multicollinearity or other numerical problems.