                            OLS Regression Results                            
==============================================================================
Dep. Variable:                   MATH   R-squared:                       0.820
Model:                            OLS   Adj. R-squared:                  0.799
Method:                 Least Squares   F-statistic:                     39.52
Date:                Mon, 24 Apr 2023   Prob (F-statistic):          3.05e-162
Time:                        23:38:32   Log-Likelihood:                -2994.3
No. Observations:                 600   AIC:                             6115.
Df Residuals:                     537   BIC:                             6392.
Df Model:                          62                                         
Covariance Type:            nonrobust                                         
==============================================================================
                 coef    std err          t      P>|t|      [0.025      0.975]
------------------------------------------------------------------------------
Intercept     47.4066     10.385      4.565      0.000      27.006      67.807
PV2READ        0.0111      0.038      0.295      0.768      -0.063       0.085
PV7READ       -0.0066      0.041     -0.161      0.872      -0.087       0.074
PV1SCIE        0.5983      0.059     10.085      0.000       0.482       0.715
PV3SCIE        0.0222      0.062      0.357      0.721      -0.100       0.144
PV5SCIE       -0.0333      0.061     -0.547      0.584      -0.153       0.086
PV7SCIE        0.0758      0.063      1.209      0.227      -0.047       0.199
PV8SCIE       -0.0006      0.061     -0.011      0.992      -0.120       0.119
PV2SCEP        0.0850      0.060      1.428      0.154      -0.032       0.202
PV6SCEP        0.0740      0.058      1.284      0.200      -0.039       0.187
PV7SCEP       -0.0669      0.060     -1.120      0.263      -0.184       0.050
PV10SCEP      -0.0064      0.058     -0.109      0.913      -0.121       0.108
PV1SCED        0.1606      0.045      3.589      0.000       0.073       0.248
PV2SCED       -0.0388      0.052     -0.739      0.461      -0.142       0.064
PV3SCED        0.0831      0.050      1.655      0.099      -0.016       0.182
PV4SCED       -0.1286      0.046     -2.798      0.005      -0.219      -0.038
PV5SCED        0.0601      0.043      1.386      0.166      -0.025       0.145
PV6SCED       -0.0397      0.049     -0.813      0.416      -0.136       0.056
PV7SCED        0.0575      0.050      1.154      0.249      -0.040       0.155
PV8SCED       -0.0555      0.045     -1.236      0.217      -0.144       0.033
PV9SCED        0.0429      0.049      0.883      0.378      -0.053       0.138
PV1SCID       -0.0551      0.054     -1.021      0.308      -0.161       0.051
PV2SCID        0.0489      0.058      0.849      0.396      -0.064       0.162
PV3SCID       -0.0369      0.056     -0.654      0.513      -0.148       0.074
PV6SCID       -0.0679      0.060     -1.123      0.262      -0.187       0.051
PV7SCID        0.0065      0.059      0.110      0.912      -0.109       0.122
PV8SCID       -0.0518      0.050     -1.028      0.304      -0.151       0.047
PV9SCID        0.0231      0.053      0.437      0.663      -0.081       0.127
PV10SCID      -0.0268      0.054     -0.492      0.623      -0.134       0.080
PV1SKCO       -0.0255      0.049     -0.522      0.602      -0.122       0.071
PV2SKCO        0.0175      0.051      0.347      0.729      -0.082       0.117
PV3SKCO       -0.1529      0.057     -2.685      0.007      -0.265      -0.041
PV4SKCO        0.1087      0.060      1.811      0.071      -0.009       0.227
PV5SKCO       -0.0544      0.050     -1.093      0.275      -0.152       0.043
PV7SKCO       -0.1171      0.060     -1.961      0.050      -0.234       0.000
PV8SKCO       -0.0193      0.059     -0.325      0.745      -0.136       0.097
PV9SKCO        0.0159      0.050      0.321      0.749      -0.082       0.113
PV10SKCO       0.0304      0.048      0.628      0.530      -0.065       0.126
PV3SKPE        0.2576      0.064      4.048      0.000       0.133       0.383
PV4SKPE       -0.0274      0.060     -0.455      0.650      -0.146       0.091
PV6SKPE       -0.0272      0.054     -0.504      0.615      -0.133       0.079
PV7SKPE        0.0731      0.060      1.221      0.222      -0.044       0.191
PV8SKPE       -0.0082      0.060     -0.136      0.892      -0.127       0.110
PV2SSPH        0.0670      0.050      1.328      0.185      -0.032       0.166
PV4SSPH        0.1560      0.050      3.136      0.002       0.058       0.254
PV5SSPH       -0.0179      0.047     -0.377      0.706      -0.111       0.075
PV6SSPH       -0.0630      0.047     -1.341      0.180      -0.155       0.029
PV7SSPH        0.0130      0.050      0.261      0.794      -0.085       0.111
PV10SSPH       0.0474      0.052      0.916      0.360      -0.054       0.149
PV1SSLI       -0.0454      0.056     -0.805      0.421      -0.156       0.065
PV2SSLI       -0.1068      0.054     -1.963      0.050      -0.214     5.9e-05
PV4SSLI       -0.0674      0.056     -1.197      0.232      -0.178       0.043
PV5SSLI       -0.0310      0.053     -0.585      0.558      -0.135       0.073
PV7SSLI       -0.0784      0.057     -1.378      0.169      -0.190       0.033
PV8SSLI        0.0407      0.045      0.907      0.365      -0.047       0.129
PV9SSLI        0.0596      0.048      1.238      0.216      -0.035       0.154
PV10SSLI       0.1391      0.056      2.504      0.013       0.030       0.248
PV1SSES        0.0339      0.053      0.641      0.522      -0.070       0.138
PV3SSES       -0.0782      0.045     -1.746      0.081      -0.166       0.010
PV4SSES        0.0137      0.055      0.251      0.802      -0.094       0.121
PV6SSES        0.0199      0.050      0.396      0.692      -0.079       0.118
PV7SSES        0.0741      0.052      1.412      0.159      -0.029       0.177
PV10SSES      -0.0890      0.049     -1.812      0.071      -0.185       0.007
==============================================================================
Omnibus:                        1.200   Durbin-Watson:                   1.824
Prob(Omnibus):                  0.549   Jarque-Bera (JB):                1.050
Skew:                          -0.007   Prob(JB):                        0.591
Kurtosis:                       3.204   Cond. No.                     2.67e+04
==============================================================================

Notes:
[1] Standard Errors assume that the covariance matrix of the errors is correctly specified.
[2] The condition number is large, 2.67e+04. This might indicate that there are
strong multicollinearity or other numerical problems.