                            OLS Regression Results                            
==============================================================================
Dep. Variable:                   MATH   R-squared:                       0.822
Model:                            OLS   Adj. R-squared:                  0.799
Method:                 Least Squares   F-statistic:                     34.98
Date:                Mon, 24 Apr 2023   Prob (F-statistic):          2.92e-157
Time:                        23:38:26   Log-Likelihood:                -2990.7
No. Observations:                 600   AIC:                             6123.
Df Residuals:                     529   BIC:                             6436.
Df Model:                          70                                         
Covariance Type:            nonrobust                                         
==============================================================================
                 coef    std err          t      P>|t|      [0.025      0.975]
------------------------------------------------------------------------------
Intercept     47.6368     10.583      4.501      0.000      26.846      68.427
PV2READ        0.0073      0.039      0.186      0.852      -0.070       0.085
PV7READ       -0.0258      0.043     -0.601      0.548      -0.110       0.058
PV9READ        0.0408      0.038      1.085      0.278      -0.033       0.115
PV1SCIE        0.6008      0.060     10.041      0.000       0.483       0.718
PV3SCIE        0.0209      0.063      0.333      0.739      -0.102       0.144
PV4SCIE       -0.0503      0.060     -0.832      0.406      -0.169       0.068
PV5SCIE       -0.0280      0.062     -0.454      0.650      -0.149       0.093
PV7SCIE        0.0858      0.063      1.353      0.176      -0.039       0.210
PV8SCIE        0.0083      0.062      0.135      0.892      -0.113       0.129
PV2SCEP        0.0830      0.060      1.384      0.167      -0.035       0.201
PV4SCEP       -0.0061      0.056     -0.109      0.913      -0.116       0.104
PV6SCEP        0.0956      0.059      1.620      0.106      -0.020       0.212
PV7SCEP       -0.0746      0.061     -1.222      0.222      -0.195       0.045
PV10SCEP      -0.0064      0.059     -0.109      0.913      -0.122       0.109
PV1SCED        0.1668      0.045      3.680      0.000       0.078       0.256
PV2SCED       -0.0338      0.053     -0.635      0.526      -0.138       0.071
PV3SCED        0.0806      0.050      1.599      0.110      -0.018       0.180
PV4SCED       -0.1266      0.050     -2.523      0.012      -0.225      -0.028
PV5SCED        0.0649      0.044      1.488      0.137      -0.021       0.151
PV6SCED       -0.0468      0.049     -0.947      0.344      -0.144       0.050
PV7SCED        0.0493      0.051      0.974      0.331      -0.050       0.149
PV8SCED       -0.0555      0.046     -1.217      0.224      -0.145       0.034
PV9SCED        0.0353      0.049      0.721      0.471      -0.061       0.131
PV1SCID       -0.0636      0.055     -1.150      0.251      -0.172       0.045
PV2SCID        0.0515      0.058      0.885      0.376      -0.063       0.166
PV3SCID       -0.0226      0.057     -0.395      0.693      -0.135       0.090
PV6SCID       -0.0810      0.061     -1.319      0.188      -0.202       0.040
PV7SCID        0.0192      0.060      0.321      0.749      -0.098       0.136
PV8SCID       -0.0563      0.051     -1.095      0.274      -0.157       0.045
PV9SCID        0.0237      0.053      0.448      0.655      -0.080       0.128
PV10SCID      -0.0333      0.055     -0.606      0.545      -0.141       0.075
PV1SKCO       -0.0032      0.059     -0.055      0.957      -0.119       0.113
PV2SKCO        0.0170      0.051      0.334      0.739      -0.083       0.117
PV3SKCO       -0.1454      0.058     -2.513      0.012      -0.259      -0.032
PV4SKCO        0.1127      0.061      1.849      0.065      -0.007       0.233
PV5SKCO       -0.0736      0.061     -1.202      0.230      -0.194       0.047
PV7SKCO       -0.1300      0.061     -2.145      0.032      -0.249      -0.011
PV8SKCO       -0.0321      0.060     -0.533      0.595      -0.151       0.086
PV9SKCO        0.0113      0.051      0.223      0.824      -0.089       0.111
PV10SKCO       0.0360      0.059      0.607      0.544      -0.081       0.153
PV1SKPE       -0.0380      0.066     -0.576      0.565      -0.167       0.091
PV3SKPE        0.2435      0.065      3.735      0.000       0.115       0.372
PV4SKPE       -0.0370      0.061     -0.608      0.543      -0.156       0.082
PV5SKPE        0.0466      0.065      0.716      0.474      -0.081       0.174
PV6SKPE       -0.0388      0.055     -0.708      0.479      -0.147       0.069
PV7SKPE        0.0911      0.062      1.479      0.140      -0.030       0.212
PV8SKPE       -0.0016      0.061     -0.025      0.980      -0.122       0.119
PV10SKPE      -0.0159      0.062     -0.256      0.798      -0.138       0.106
PV2SSPH        0.0654      0.051      1.280      0.201      -0.035       0.166
PV4SSPH        0.1539      0.050      3.063      0.002       0.055       0.253
PV5SSPH       -0.0240      0.048     -0.495      0.620      -0.119       0.071
PV6SSPH       -0.0657      0.048     -1.378      0.169      -0.159       0.028
PV7SSPH        0.0100      0.051      0.196      0.845      -0.090       0.110
PV8SSPH       -0.0494      0.052     -0.949      0.343      -0.152       0.053
PV9SSPH        0.0770      0.046      1.665      0.097      -0.014       0.168
PV10SSPH       0.0458      0.053      0.865      0.387      -0.058       0.150
PV1SSLI       -0.0365      0.057     -0.638      0.524      -0.149       0.076
PV2SSLI       -0.1020      0.055     -1.849      0.065      -0.210       0.006
PV4SSLI       -0.0573      0.057     -1.006      0.315      -0.169       0.055
PV5SSLI       -0.0181      0.054     -0.335      0.738      -0.124       0.088
PV7SSLI       -0.0707      0.058     -1.224      0.222      -0.184       0.043
PV8SSLI        0.0738      0.053      1.389      0.166      -0.031       0.178
PV9SSLI        0.0208      0.054      0.385      0.701      -0.086       0.127
PV10SSLI       0.1328      0.056      2.366      0.018       0.023       0.243
PV1SSES        0.0341      0.054      0.638      0.524      -0.071       0.139
PV3SSES       -0.0748      0.045     -1.659      0.098      -0.163       0.014
PV4SSES        0.0078      0.055      0.141      0.888      -0.101       0.116
PV6SSES        0.0215      0.051      0.425      0.671      -0.078       0.121
PV7SSES        0.0720      0.053      1.353      0.177      -0.033       0.177
PV10SSES      -0.0899      0.050     -1.807      0.071      -0.188       0.008
==============================================================================
Omnibus:                        2.303   Durbin-Watson:                   1.793
Prob(Omnibus):                  0.316   Jarque-Bera (JB):                2.327
Skew:                          -0.044   Prob(JB):                        0.312
Kurtosis:                       3.292   Cond. No.                     2.89e+04
==============================================================================

Notes:
[1] Standard Errors assume that the covariance matrix of the errors is correctly specified.
[2] The condition number is large, 2.89e+04. This might indicate that there are
strong multicollinearity or other numerical problems.