                            OLS Regression Results                            
==============================================================================
Dep. Variable:                   MATH   R-squared:                       0.832
Model:                            OLS   Adj. R-squared:                  0.800
Method:                 Least Squares   F-statistic:                     25.39
Date:                Mon, 24 Apr 2023   Prob (F-statistic):          7.19e-143
Time:                        23:37:55   Log-Likelihood:                -2973.3
No. Observations:                 600   AIC:                             6145.
Df Residuals:                     501   BIC:                             6580.
Df Model:                          98                                         
Covariance Type:            nonrobust                                         
==============================================================================
                 coef    std err          t      P>|t|      [0.025      0.975]
------------------------------------------------------------------------------
Intercept     46.5832     11.190      4.163      0.000      24.598      68.568
PV1READ        0.0548      0.047      1.168      0.243      -0.037       0.147
PV2READ       -0.0390      0.045     -0.861      0.390      -0.128       0.050
PV3READ       -0.0076      0.049     -0.153      0.879      -0.105       0.090
PV4READ        0.0019      0.048      0.040      0.968      -0.092       0.096
PV5READ        0.0490      0.048      1.013      0.311      -0.046       0.144
PV6READ       -0.0554      0.047     -1.191      0.234      -0.147       0.036
PV7READ       -0.0143      0.048     -0.301      0.764      -0.108       0.079
PV8READ       -0.0669      0.049     -1.378      0.169      -0.162       0.028
PV9READ        0.0317      0.045      0.708      0.479      -0.056       0.120
PV10READ       0.0835      0.050      1.684      0.093      -0.014       0.181
PV1SCIE        0.5839      0.067      8.673      0.000       0.452       0.716
PV2SCIE        0.0942      0.067      1.407      0.160      -0.037       0.226
PV3SCIE        0.0046      0.073      0.063      0.950      -0.138       0.148
PV4SCIE       -0.0492      0.067     -0.729      0.467      -0.182       0.083
PV5SCIE       -0.0638      0.071     -0.902      0.368      -0.203       0.075
PV6SCIE        0.1188      0.065      1.826      0.068      -0.009       0.247
PV7SCIE        0.0564      0.067      0.848      0.397      -0.074       0.187
PV8SCIE        0.0170      0.067      0.253      0.800      -0.115       0.149
PV9SCIE       -0.0153      0.063     -0.242      0.809      -0.140       0.109
PV10SCIE      -0.0934      0.066     -1.421      0.156      -0.223       0.036
PV1SCEP       -0.0587      0.061     -0.958      0.338      -0.179       0.062
PV2SCEP        0.1040      0.063      1.661      0.097      -0.019       0.227
PV3SCEP       -0.0027      0.059     -0.046      0.964      -0.118       0.113
PV4SCEP       -0.0326      0.062     -0.521      0.602      -0.155       0.090
PV5SCEP       -0.0712      0.069     -1.033      0.302      -0.206       0.064
PV6SCEP        0.1175      0.061      1.931      0.054      -0.002       0.237
PV7SCEP       -0.0869      0.065     -1.328      0.185      -0.216       0.042
PV8SCEP       -0.0251      0.066     -0.380      0.704      -0.155       0.104
PV9SCEP        0.1166      0.065      1.806      0.071      -0.010       0.243
PV10SCEP      -0.0215      0.062     -0.345      0.730      -0.144       0.101
PV1SCED        0.1671      0.049      3.383      0.001       0.070       0.264
PV2SCED       -0.0222      0.055     -0.406      0.685      -0.130       0.085
PV3SCED        0.0520      0.054      0.968      0.333      -0.053       0.157
PV4SCED       -0.0984      0.055     -1.773      0.077      -0.207       0.011
PV5SCED        0.0792      0.056      1.412      0.159      -0.031       0.189
PV6SCED       -0.0568      0.052     -1.091      0.276      -0.159       0.045
PV7SCED        0.0381      0.053      0.714      0.476      -0.067       0.143
PV8SCED       -0.0353      0.049     -0.715      0.475      -0.132       0.062
PV9SCED        0.0248      0.053      0.465      0.642      -0.080       0.129
PV10SCED       0.0598      0.053      1.125      0.261      -0.045       0.164
PV1SCID       -0.0354      0.062     -0.575      0.566      -0.156       0.086
PV2SCID        0.0385      0.060      0.637      0.525      -0.080       0.157
PV3SCID        0.0096      0.063      0.152      0.879      -0.115       0.134
PV4SCID       -0.0060      0.058     -0.104      0.917      -0.120       0.108
PV5SCID        0.0707      0.061      1.153      0.249      -0.050       0.191
PV6SCID       -0.0976      0.064     -1.523      0.128      -0.224       0.028
PV7SCID        0.0397      0.064      0.623      0.534      -0.086       0.165
PV8SCID       -0.0426      0.060     -0.706      0.480      -0.161       0.076
PV9SCID       -0.0256      0.061     -0.420      0.674      -0.145       0.094
PV10SCID      -0.0817      0.060     -1.357      0.175      -0.200       0.037
PV1SKCO       -0.0049      0.062     -0.078      0.938      -0.128       0.118
PV2SKCO        0.0223      0.059      0.376      0.707      -0.094       0.139
PV3SKCO       -0.1686      0.061     -2.773      0.006      -0.288      -0.049
PV4SKCO        0.1233      0.064      1.939      0.053      -0.002       0.248
PV5SKCO       -0.0620      0.064     -0.970      0.333      -0.188       0.064
PV6SKCO        0.0619      0.062      1.006      0.315      -0.059       0.183
PV7SKCO       -0.1614      0.062     -2.586      0.010      -0.284      -0.039
PV8SKCO       -0.0311      0.063     -0.494      0.622      -0.155       0.093
PV9SKCO       -0.0097      0.060     -0.161      0.872      -0.128       0.109
PV10SKCO       0.0533      0.061      0.875      0.382      -0.066       0.173
PV1SKPE       -0.0328      0.069     -0.477      0.634      -0.168       0.102
PV2SKPE       -0.0388      0.065     -0.595      0.552      -0.167       0.089
PV3SKPE        0.2352      0.069      3.418      0.001       0.100       0.370
PV4SKPE       -0.0512      0.064     -0.801      0.423      -0.177       0.074
PV5SKPE        0.0612      0.067      0.910      0.363      -0.071       0.193
PV6SKPE       -0.0718      0.067     -1.078      0.281      -0.203       0.059
PV7SKPE        0.0959      0.065      1.487      0.138      -0.031       0.223
PV8SKPE       -0.0112      0.064     -0.176      0.860      -0.137       0.114
PV9SKPE        0.0123      0.061      0.201      0.841      -0.108       0.133
PV10SKPE      -0.0319      0.065     -0.493      0.622      -0.159       0.095
PV1SSPH        0.0906      0.055      1.648      0.100      -0.017       0.199
PV2SSPH        0.0491      0.055      0.889      0.374      -0.059       0.158
PV3SSPH        0.0618      0.055      1.123      0.262      -0.046       0.170
PV4SSPH        0.1476      0.052      2.823      0.005       0.045       0.250
PV5SSPH       -0.0644      0.052     -1.236      0.217      -0.167       0.038
PV6SSPH       -0.0489      0.051     -0.956      0.339      -0.149       0.052
PV7SSPH       -0.0031      0.053     -0.058      0.953      -0.107       0.101
PV8SSPH       -0.0654      0.054     -1.213      0.226      -0.171       0.041
PV9SSPH        0.0514      0.048      1.066      0.287      -0.043       0.146
PV10SSPH       0.0530      0.055      0.972      0.332      -0.054       0.160
PV1SSLI       -0.0269      0.063     -0.426      0.670      -0.151       0.097
PV2SSLI       -0.0629      0.061     -1.036      0.301      -0.182       0.056
PV3SSLI       -0.1165      0.064     -1.832      0.068      -0.242       0.008
PV4SSLI       -0.0388      0.059     -0.654      0.513      -0.155       0.078
PV5SSLI       -0.0137      0.059     -0.232      0.817      -0.129       0.102
PV6SSLI       -0.0058      0.058     -0.100      0.920      -0.120       0.109
PV7SSLI       -0.0658      0.060     -1.090      0.276      -0.184       0.053
PV8SSLI        0.0689      0.055      1.247      0.213      -0.040       0.178
PV9SSLI        0.0486      0.057      0.858      0.391      -0.063       0.160
PV10SSLI       0.1163      0.058      2.004      0.046       0.002       0.230
PV1SSES       -0.0142      0.061     -0.234      0.815      -0.133       0.105
PV2SSES       -0.0695      0.057     -1.210      0.227      -0.182       0.043
PV3SSES       -0.0502      0.054     -0.927      0.355      -0.157       0.056
PV4SSES       -0.0162      0.058     -0.280      0.780      -0.130       0.098
PV5SSES        0.0674      0.054      1.255      0.210      -0.038       0.173
PV6SSES        0.0147      0.057      0.259      0.796      -0.096       0.126
PV7SSES        0.0790      0.055      1.444      0.149      -0.029       0.186
PV10SSES      -0.0871      0.052     -1.674      0.095      -0.189       0.015
==============================================================================
Omnibus:                        5.346   Durbin-Watson:                   1.797
Prob(Omnibus):                  0.069   Jarque-Bera (JB):                7.053
Skew:                          -0.003   Prob(JB):                       0.0294
Kurtosis:                       3.531   Cond. No.                     3.62e+04
==============================================================================

Notes:
[1] Standard Errors assume that the covariance matrix of the errors is correctly specified.
[2] The condition number is large, 3.62e+04. This might indicate that there are
strong multicollinearity or other numerical problems.