                            OLS Regression Results                            
==============================================================================
Dep. Variable:                   MATH   R-squared:                       0.824
Model:                            OLS   Adj. R-squared:                  0.799
Method:                 Least Squares   F-statistic:                     31.84
Date:                Mon, 24 Apr 2023   Prob (F-statistic):          3.21e-153
Time:                        23:38:19   Log-Likelihood:                -2987.2
No. Observations:                 600   AIC:                             6130.
Df Residuals:                     522   BIC:                             6473.
Df Model:                          77                                         
Covariance Type:            nonrobust                                         
==============================================================================
                 coef    std err          t      P>|t|      [0.025      0.975]
------------------------------------------------------------------------------
Intercept     46.7863     10.662      4.388      0.000      25.840      67.732
PV2READ        0.0033      0.043      0.076      0.940      -0.081       0.088
PV6READ       -0.0387      0.043     -0.896      0.371      -0.123       0.046
PV7READ       -0.0078      0.045     -0.175      0.861      -0.095       0.080
PV8READ       -0.0181      0.046     -0.395      0.693      -0.108       0.072
PV9READ        0.0525      0.043      1.229      0.220      -0.031       0.136
PV1SCIE        0.5985      0.061      9.849      0.000       0.479       0.718
PV2SCIE        0.0556      0.065      0.857      0.392      -0.072       0.183
PV3SCIE        0.0105      0.063      0.166      0.868      -0.114       0.134
PV4SCIE       -0.0603      0.061     -0.985      0.325      -0.181       0.060
PV5SCIE       -0.0349      0.063     -0.552      0.581      -0.159       0.089
PV6SCIE        0.1169      0.064      1.839      0.066      -0.008       0.242
PV7SCIE        0.0628      0.064      0.975      0.330      -0.064       0.189
PV8SCIE        0.0117      0.065      0.179      0.858      -0.117       0.140
PV9SCIE       -0.0062      0.062     -0.100      0.921      -0.128       0.116
PV1SCEP       -0.0639      0.060     -1.070      0.285      -0.181       0.053
PV2SCEP        0.0908      0.060      1.503      0.133      -0.028       0.209
PV4SCEP       -0.0150      0.057     -0.263      0.793      -0.127       0.097
PV6SCEP        0.1021      0.060      1.712      0.087      -0.015       0.219
PV7SCEP       -0.0879      0.062     -1.422      0.156      -0.209       0.034
PV10SCEP      -0.0115      0.061     -0.187      0.852      -0.132       0.109
PV1SCED        0.1764      0.048      3.675      0.000       0.082       0.271
PV2SCED       -0.0279      0.054     -0.521      0.603      -0.133       0.077
PV3SCED        0.0752      0.051      1.482      0.139      -0.024       0.175
PV4SCED       -0.1271      0.051     -2.501      0.013      -0.227      -0.027
PV5SCED        0.0560      0.044      1.271      0.204      -0.031       0.143
PV6SCED       -0.0575      0.050     -1.140      0.255      -0.157       0.042
PV7SCED        0.0514      0.051      1.004      0.316      -0.049       0.152
PV8SCED       -0.0539      0.046     -1.179      0.239      -0.144       0.036
PV9SCED        0.0346      0.050      0.699      0.485      -0.063       0.132
PV10SCED       0.0407      0.051      0.798      0.425      -0.059       0.141
PV1SCID       -0.0372      0.060     -0.621      0.535      -0.155       0.080
PV2SCID        0.0509      0.058      0.871      0.384      -0.064       0.166
PV3SCID       -0.0192      0.057     -0.334      0.739      -0.132       0.094
PV6SCID       -0.0819      0.062     -1.323      0.186      -0.203       0.040
PV7SCID        0.0402      0.061      0.662      0.508      -0.079       0.159
PV8SCID       -0.0609      0.052     -1.175      0.241      -0.163       0.041
PV9SCID        0.0212      0.053      0.396      0.692      -0.084       0.126
PV10SCID      -0.0582      0.058     -1.007      0.314      -0.172       0.055
PV1SKCO       -0.0008      0.059     -0.014      0.989      -0.117       0.115
PV2SKCO        0.0135      0.052      0.261      0.794      -0.088       0.115
PV3SKCO       -0.1538      0.058     -2.645      0.008      -0.268      -0.040
PV4SKCO        0.1174      0.062      1.904      0.057      -0.004       0.238
PV5SKCO       -0.0671      0.062     -1.085      0.278      -0.189       0.054
PV7SKCO       -0.1318      0.061     -2.153      0.032      -0.252      -0.012
PV8SKCO       -0.0223      0.061     -0.367      0.714      -0.142       0.097
PV9SKCO        0.0104      0.051      0.205      0.838      -0.090       0.111
PV10SKCO       0.0426      0.060      0.711      0.477      -0.075       0.160
PV1SKPE       -0.0397      0.066     -0.598      0.550      -0.170       0.091
PV3SKPE        0.2411      0.066      3.672      0.000       0.112       0.370
PV4SKPE       -0.0408      0.062     -0.661      0.509      -0.162       0.080
PV5SKPE        0.0459      0.065      0.703      0.482      -0.082       0.174
PV6SKPE       -0.0467      0.055     -0.848      0.397      -0.155       0.062
PV7SKPE        0.0900      0.062      1.451      0.147      -0.032       0.212
PV8SKPE       -0.0129      0.062     -0.208      0.835      -0.135       0.109
PV10SKPE      -0.0259      0.063     -0.411      0.681      -0.149       0.098
PV2SSPH        0.0611      0.052      1.182      0.238      -0.040       0.163
PV4SSPH        0.1486      0.051      2.935      0.003       0.049       0.248
PV5SSPH       -0.0304      0.049     -0.622      0.534      -0.126       0.066
PV6SSPH       -0.0692      0.048     -1.443      0.150      -0.163       0.025
PV7SSPH        0.0083      0.051      0.161      0.872      -0.092       0.109
PV8SSPH       -0.0507      0.053     -0.965      0.335      -0.154       0.053
PV9SSPH        0.0783      0.047      1.672      0.095      -0.014       0.170
PV10SSPH       0.0470      0.053      0.881      0.378      -0.058       0.152
PV1SSLI       -0.0391      0.058     -0.674      0.500      -0.153       0.075
PV2SSLI       -0.1028      0.056     -1.848      0.065      -0.212       0.007
PV4SSLI       -0.0680      0.058     -1.182      0.238      -0.181       0.045
PV5SSLI       -0.0151      0.054     -0.278      0.781      -0.122       0.092
PV7SSLI       -0.0719      0.058     -1.237      0.217      -0.186       0.042
PV8SSLI        0.0724      0.054      1.342      0.180      -0.034       0.178
PV9SSLI        0.0223      0.055      0.406      0.685      -0.086       0.130
PV10SSLI       0.1282      0.057      2.265      0.024       0.017       0.239
PV1SSES        0.0366      0.054      0.673      0.501      -0.070       0.143
PV3SSES       -0.0844      0.046     -1.850      0.065      -0.174       0.005
PV4SSES        0.0104      0.056      0.187      0.852      -0.100       0.120
PV6SSES        0.0227      0.051      0.443      0.658      -0.078       0.124
PV7SSES        0.0752      0.053      1.408      0.160      -0.030       0.180
PV10SSES      -0.0869      0.050     -1.737      0.083      -0.185       0.011
==============================================================================
Omnibus:                        3.577   Durbin-Watson:                   1.788
Prob(Omnibus):                  0.167   Jarque-Bera (JB):                4.175
Skew:                          -0.013   Prob(JB):                        0.124
Kurtosis:                       3.408   Cond. No.                     3.05e+04
==============================================================================

Notes:
[1] Standard Errors assume that the covariance matrix of the errors is correctly specified.
[2] The condition number is large, 3.05e+04. This might indicate that there are
strong multicollinearity or other numerical problems.