                            OLS Regression Results                            
==============================================================================
Dep. Variable:                   MATH   R-squared:                       0.820
Model:                            OLS   Adj. R-squared:                  0.799
Method:                 Least Squares   F-statistic:                     38.21
Date:                Mon, 24 Apr 2023   Prob (F-statistic):          8.27e-161
Time:                        23:38:31   Log-Likelihood:                -2993.8
No. Observations:                 600   AIC:                             6118.
Df Residuals:                     535   BIC:                             6403.
Df Model:                          64                                         
Covariance Type:            nonrobust                                         
==============================================================================
                 coef    std err          t      P>|t|      [0.025      0.975]
------------------------------------------------------------------------------
Intercept     47.4785     10.398      4.566      0.000      27.053      67.904
PV2READ        0.0120      0.038      0.318      0.751      -0.062       0.086
PV7READ       -0.0059      0.041     -0.145      0.885      -0.087       0.075
PV1SCIE        0.6004      0.059     10.098      0.000       0.484       0.717
PV3SCIE        0.0238      0.062      0.381      0.703      -0.099       0.146
PV4SCIE       -0.0531      0.060     -0.881      0.379      -0.171       0.065
PV5SCIE       -0.0346      0.061     -0.567      0.571      -0.154       0.085
PV7SCIE        0.0772      0.063      1.228      0.220      -0.046       0.201
PV8SCIE        0.0024      0.061      0.040      0.968      -0.118       0.122
PV2SCEP        0.0861      0.060      1.442      0.150      -0.031       0.203
PV4SCEP       -0.0023      0.056     -0.042      0.966      -0.112       0.107
PV6SCEP        0.0772      0.058      1.334      0.183      -0.036       0.191
PV7SCEP       -0.0637      0.060     -1.055      0.292      -0.182       0.055
PV10SCEP      -0.0044      0.059     -0.075      0.940      -0.119       0.111
PV1SCED        0.1618      0.045      3.600      0.000       0.074       0.250
PV2SCED       -0.0381      0.053     -0.724      0.469      -0.141       0.065
PV3SCED        0.0839      0.050      1.668      0.096      -0.015       0.183
PV4SCED       -0.1251      0.050     -2.526      0.012      -0.222      -0.028
PV5SCED        0.0626      0.043      1.440      0.150      -0.023       0.148
PV6SCED       -0.0394      0.049     -0.805      0.421      -0.135       0.057
PV7SCED        0.0544      0.050      1.078      0.281      -0.045       0.153
PV8SCED       -0.0522      0.045     -1.159      0.247      -0.141       0.036
PV9SCED        0.0409      0.049      0.840      0.401      -0.055       0.137
PV1SCID       -0.0555      0.054     -1.021      0.308      -0.162       0.051
PV2SCID        0.0498      0.058      0.862      0.389      -0.064       0.163
PV3SCID       -0.0313      0.057     -0.550      0.582      -0.143       0.081
PV6SCID       -0.0688      0.061     -1.133      0.258      -0.188       0.051
PV7SCID        0.0064      0.059      0.109      0.914      -0.109       0.122
PV8SCID       -0.0537      0.051     -1.059      0.290      -0.153       0.046
PV9SCID        0.0250      0.053      0.471      0.638      -0.079       0.129
PV10SCID      -0.0303      0.055     -0.553      0.580      -0.138       0.077
PV1SKCO       -0.0254      0.049     -0.516      0.606      -0.122       0.071
PV2SKCO        0.0197      0.051      0.389      0.697      -0.080       0.119
PV3SKCO       -0.1550      0.057     -2.715      0.007      -0.267      -0.043
PV4SKCO        0.1095      0.060      1.815      0.070      -0.009       0.228
PV5SKCO       -0.0496      0.050     -0.986      0.324      -0.148       0.049
PV7SKCO       -0.1194      0.060     -1.992      0.047      -0.237      -0.002
PV8SKCO       -0.0192      0.059     -0.323      0.747      -0.136       0.097
PV9SKCO        0.0180      0.050      0.359      0.720      -0.080       0.116
PV10SKCO       0.0298      0.049      0.614      0.540      -0.066       0.125
PV3SKPE        0.2602      0.064      4.078      0.000       0.135       0.385
PV4SKPE       -0.0256      0.060     -0.425      0.671      -0.144       0.093
PV6SKPE       -0.0297      0.054     -0.545      0.586      -0.137       0.077
PV7SKPE        0.0781      0.060      1.296      0.195      -0.040       0.196
PV8SKPE       -0.0108      0.060     -0.178      0.859      -0.129       0.108
PV2SSPH        0.0688      0.051      1.360      0.174      -0.031       0.168
PV4SSPH        0.1545      0.050      3.099      0.002       0.057       0.252
PV5SSPH       -0.0157      0.048     -0.329      0.742      -0.109       0.078
PV6SSPH       -0.0613      0.047     -1.299      0.195      -0.154       0.031
PV7SSPH        0.0158      0.050      0.317      0.752      -0.082       0.114
PV10SSPH       0.0482      0.052      0.929      0.353      -0.054       0.150
PV1SSLI       -0.0438      0.057     -0.775      0.439      -0.155       0.067
PV2SSLI       -0.1082      0.055     -1.985      0.048      -0.215      -0.001
PV4SSLI       -0.0667      0.056     -1.182      0.238      -0.178       0.044
PV5SSLI       -0.0325      0.053     -0.614      0.540      -0.137       0.072
PV7SSLI       -0.0815      0.057     -1.425      0.155      -0.194       0.031
PV8SSLI        0.0437      0.045      0.969      0.333      -0.045       0.132
PV9SSLI        0.0624      0.048      1.288      0.198      -0.033       0.158
PV10SSLI       0.1402      0.056      2.514      0.012       0.031       0.250
PV1SSES        0.0354      0.053      0.668      0.504      -0.069       0.140
PV3SSES       -0.0766      0.045     -1.704      0.089      -0.165       0.012
PV4SSES        0.0156      0.055      0.284      0.776      -0.092       0.124
PV6SSES        0.0225      0.050      0.446      0.655      -0.077       0.122
PV7SSES        0.0736      0.053      1.401      0.162      -0.030       0.177
PV10SSES      -0.0878      0.049     -1.784      0.075      -0.184       0.009
==============================================================================
Omnibus:                        1.136   Durbin-Watson:                   1.823
Prob(Omnibus):                  0.567   Jarque-Bera (JB):                0.979
Skew:                          -0.011   Prob(JB):                        0.613
Kurtosis:                       3.197   Cond. No.                     2.71e+04
==============================================================================

Notes:
[1] Standard Errors assume that the covariance matrix of the errors is correctly specified.
[2] The condition number is large, 2.71e+04. This might indicate that there are
strong multicollinearity or other numerical problems.