                            OLS Regression Results                            
==============================================================================
Dep. Variable:                   MATH   R-squared:                       0.829
Model:                            OLS   Adj. R-squared:                  0.799
Method:                 Least Squares   F-statistic:                     27.76
Date:                Mon, 24 Apr 2023   Prob (F-statistic):          3.87e-147
Time:                        23:38:07   Log-Likelihood:                -2979.4
No. Observations:                 600   AIC:                             6139.
Df Residuals:                     510   BIC:                             6535.
Df Model:                          89                                         
Covariance Type:            nonrobust                                         
==============================================================================
                 coef    std err          t      P>|t|      [0.025      0.975]
------------------------------------------------------------------------------
Intercept     46.9498     10.952      4.287      0.000      25.433      68.466
PV1READ        0.0592      0.046      1.285      0.200      -0.031       0.150
PV2READ       -0.0144      0.044     -0.327      0.743      -0.101       0.072
PV3READ        0.0045      0.049      0.092      0.927      -0.092       0.101
PV4READ        0.0263      0.046      0.569      0.570      -0.065       0.117
PV6READ       -0.0568      0.046     -1.230      0.219      -0.148       0.034
PV7READ       -0.0114      0.046     -0.244      0.807      -0.103       0.080
PV8READ       -0.0468      0.048     -0.979      0.328      -0.141       0.047
PV9READ        0.0452      0.044      1.021      0.308      -0.042       0.132
PV1SCIE        0.5734      0.067      8.584      0.000       0.442       0.705
PV2SCIE        0.0717      0.066      1.086      0.278      -0.058       0.201
PV3SCIE        0.0089      0.072      0.124      0.902      -0.133       0.151
PV4SCIE       -0.0796      0.066     -1.203      0.230      -0.210       0.050
PV5SCIE       -0.0348      0.065     -0.539      0.590      -0.162       0.092
PV6SCIE        0.1191      0.065      1.837      0.067      -0.008       0.246
PV7SCIE        0.0739      0.066      1.120      0.263      -0.056       0.203
PV8SCIE        0.0325      0.067      0.486      0.627      -0.099       0.164
PV9SCIE       -0.0143      0.063     -0.227      0.820      -0.138       0.110
PV1SCEP       -0.0648      0.061     -1.063      0.288      -0.184       0.055
PV2SCEP        0.1102      0.062      1.770      0.077      -0.012       0.233
PV3SCEP       -0.0169      0.058     -0.291      0.771      -0.131       0.097
PV4SCEP       -0.0081      0.061     -0.133      0.894      -0.128       0.112
PV5SCEP       -0.0866      0.068     -1.269      0.205      -0.221       0.047
PV6SCEP        0.1084      0.061      1.787      0.075      -0.011       0.228
PV7SCEP       -0.0940      0.064     -1.469      0.142      -0.220       0.032
PV9SCEP        0.1156      0.062      1.852      0.065      -0.007       0.238
PV10SCEP      -0.0146      0.062     -0.235      0.814      -0.136       0.107
PV1SCED        0.1630      0.049      3.328      0.001       0.067       0.259
PV2SCED       -0.0261      0.054     -0.483      0.630      -0.133       0.080
PV3SCED        0.0587      0.053      1.110      0.267      -0.045       0.162
PV4SCED       -0.1076      0.055     -1.967      0.050      -0.215      -0.000
PV5SCED        0.0816      0.055      1.472      0.142      -0.027       0.191
PV6SCED       -0.0537      0.051     -1.048      0.295      -0.154       0.047
PV7SCED        0.0486      0.052      0.929      0.353      -0.054       0.151
PV8SCED       -0.0387      0.047     -0.816      0.415      -0.132       0.054
PV9SCED        0.0126      0.053      0.240      0.811      -0.091       0.116
PV10SCED       0.0424      0.052      0.814      0.416      -0.060       0.145
PV1SCID       -0.0388      0.061     -0.634      0.526      -0.159       0.081
PV2SCID        0.0316      0.060      0.530      0.596      -0.085       0.149
PV3SCID        0.0013      0.063      0.021      0.983      -0.122       0.125
PV4SCID       -0.0201      0.057     -0.355      0.723      -0.132       0.091
PV5SCID        0.0826      0.060      1.376      0.170      -0.035       0.201
PV6SCID       -0.0975      0.063     -1.547      0.122      -0.221       0.026
PV7SCID        0.0511      0.062      0.820      0.413      -0.071       0.174
PV8SCID       -0.0541      0.053     -1.020      0.308      -0.158       0.050
PV9SCID       -0.0322      0.059     -0.542      0.588      -0.149       0.084
PV10SCID      -0.0564      0.059     -0.958      0.339      -0.172       0.059
PV1SKCO       -0.0303      0.061     -0.496      0.620      -0.150       0.090
PV2SKCO        0.0150      0.052      0.290      0.772      -0.087       0.117
PV3SKCO       -0.1562      0.060     -2.588      0.010      -0.275      -0.038
PV4SKCO        0.1204      0.063      1.913      0.056      -0.003       0.244
PV5SKCO       -0.0595      0.063     -0.938      0.349      -0.184       0.065
PV6SKCO        0.0611      0.061      0.996      0.320      -0.059       0.182
PV7SKCO       -0.1587      0.062     -2.550      0.011      -0.281      -0.036
PV8SKCO       -0.0304      0.062     -0.493      0.622      -0.151       0.091
PV9SKCO        0.0055      0.052      0.107      0.915      -0.096       0.107
PV10SKCO       0.0521      0.061      0.858      0.391      -0.067       0.171
PV1SKPE       -0.0100      0.068     -0.147      0.883      -0.143       0.123
PV3SKPE        0.2345      0.068      3.442      0.001       0.101       0.368
PV4SKPE       -0.0435      0.063     -0.691      0.490      -0.167       0.080
PV5SKPE        0.0579      0.066      0.874      0.382      -0.072       0.188
PV6SKPE       -0.0852      0.066     -1.293      0.197      -0.215       0.044
PV7SKPE        0.1032      0.064      1.609      0.108      -0.023       0.229
PV8SKPE        0.0002      0.063      0.003      0.998      -0.123       0.124
PV10SKPE      -0.0377      0.064     -0.590      0.555      -0.163       0.088
PV2SSPH        0.0661      0.054      1.216      0.225      -0.041       0.173
PV4SSPH        0.1509      0.052      2.920      0.004       0.049       0.252
PV5SSPH       -0.0436      0.049     -0.881      0.379      -0.141       0.054
PV6SSPH       -0.0594      0.051     -1.175      0.241      -0.159       0.040
PV7SSPH        0.0036      0.052      0.069      0.945      -0.098       0.105
PV8SSPH       -0.0524      0.053     -0.982      0.327      -0.157       0.052
PV9SSPH        0.0669      0.047      1.408      0.160      -0.026       0.160
PV10SSPH       0.0440      0.054      0.816      0.415      -0.062       0.150
PV1SSLI       -0.0246      0.060     -0.408      0.683      -0.143       0.094
PV2SSLI       -0.0874      0.060     -1.465      0.144      -0.205       0.030
PV3SSLI       -0.0922      0.058     -1.577      0.115      -0.207       0.023
PV4SSLI       -0.0633      0.058     -1.087      0.278      -0.178       0.051
PV5SSLI        0.0129      0.056      0.229      0.819      -0.097       0.123
PV6SSLI        0.0036      0.058      0.062      0.951      -0.110       0.117
PV7SSLI       -0.0697      0.060     -1.168      0.243      -0.187       0.048
PV8SSLI        0.0639      0.055      1.163      0.245      -0.044       0.172
PV9SSLI        0.0344      0.056      0.615      0.539      -0.076       0.144
PV10SSLI       0.1215      0.058      2.107      0.036       0.008       0.235
PV1SSES        0.0356      0.056      0.636      0.525      -0.074       0.146
PV2SSES       -0.0591      0.056     -1.057      0.291      -0.169       0.051
PV3SSES       -0.0424      0.053     -0.805      0.421      -0.146       0.061
PV4SSES       -0.0009      0.057     -0.016      0.987      -0.113       0.111
PV6SSES        0.0073      0.055      0.132      0.895      -0.102       0.116
PV7SSES        0.0770      0.054      1.418      0.157      -0.030       0.184
PV10SSES      -0.0902      0.052     -1.740      0.082      -0.192       0.012
==============================================================================
Omnibus:                        5.530   Durbin-Watson:                   1.803
Prob(Omnibus):                  0.063   Jarque-Bera (JB):                7.275
Skew:                           0.036   Prob(JB):                       0.0263
Kurtosis:                       3.535   Cond. No.                     3.37e+04
==============================================================================

Notes:
[1] Standard Errors assume that the covariance matrix of the errors is correctly specified.
[2] The condition number is large, 3.37e+04. This might indicate that there are
strong multicollinearity or other numerical problems.