                            OLS Regression Results                            
==============================================================================
Dep. Variable:                   MATH   R-squared:                       0.832
Model:                            OLS   Adj. R-squared:                  0.800
Method:                 Least Squares   F-statistic:                     25.89
Date:                Mon, 24 Apr 2023   Prob (F-statistic):          7.50e-144
Time:                        23:37:58   Log-Likelihood:                -2974.5
No. Observations:                 600   AIC:                             6143.
Df Residuals:                     503   BIC:                             6570.
Df Model:                          96                                         
Covariance Type:            nonrobust                                         
==============================================================================
                 coef    std err          t      P>|t|      [0.025      0.975]
------------------------------------------------------------------------------
Intercept     44.5364     11.095      4.014      0.000      22.738      66.335
PV1READ        0.0577      0.047      1.232      0.218      -0.034       0.150
PV2READ       -0.0334      0.045     -0.742      0.459      -0.122       0.055
PV3READ       -0.0055      0.049     -0.111      0.912      -0.103       0.092
PV4READ        0.0069      0.048      0.145      0.884      -0.087       0.100
PV5READ        0.0454      0.048      0.941      0.347      -0.049       0.140
PV6READ       -0.0535      0.046     -1.152      0.250      -0.145       0.038
PV7READ       -0.0113      0.047     -0.239      0.811      -0.105       0.082
PV8READ       -0.0644      0.049     -1.327      0.185      -0.160       0.031
PV9READ        0.0377      0.045      0.844      0.399      -0.050       0.125
PV10READ       0.0555      0.046      1.220      0.223      -0.034       0.145
PV1SCIE        0.5837      0.067      8.671      0.000       0.451       0.716
PV2SCIE        0.0861      0.067      1.292      0.197      -0.045       0.217
PV3SCIE        0.0025      0.073      0.034      0.973      -0.140       0.145
PV4SCIE       -0.0607      0.067     -0.906      0.365      -0.192       0.071
PV5SCIE       -0.0667      0.071     -0.944      0.346      -0.206       0.072
PV6SCIE        0.1201      0.065      1.848      0.065      -0.008       0.248
PV7SCIE        0.0623      0.066      0.939      0.348      -0.068       0.193
PV8SCIE        0.0206      0.067      0.307      0.759      -0.111       0.153
PV9SCIE       -0.0205      0.063     -0.324      0.746      -0.145       0.104
PV1SCEP       -0.0592      0.061     -0.968      0.334      -0.179       0.061
PV2SCEP        0.1015      0.063      1.623      0.105      -0.021       0.224
PV3SCEP       -0.0108      0.058     -0.185      0.853      -0.126       0.104
PV4SCEP       -0.0309      0.062     -0.495      0.621      -0.153       0.092
PV5SCEP       -0.0715      0.069     -1.038      0.300      -0.207       0.064
PV6SCEP        0.1101      0.061      1.815      0.070      -0.009       0.229
PV7SCEP       -0.0843      0.065     -1.288      0.198      -0.213       0.044
PV8SCEP       -0.0229      0.066     -0.347      0.729      -0.152       0.106
PV9SCEP        0.1129      0.064      1.775      0.077      -0.012       0.238
PV10SCEP      -0.0262      0.062     -0.420      0.675      -0.149       0.096
PV1SCED        0.1633      0.049      3.311      0.001       0.066       0.260
PV2SCED       -0.0230      0.055     -0.420      0.675      -0.130       0.085
PV3SCED        0.0520      0.054      0.970      0.333      -0.053       0.157
PV4SCED       -0.0977      0.055     -1.762      0.079      -0.207       0.011
PV5SCED        0.0822      0.056      1.474      0.141      -0.027       0.192
PV6SCED       -0.0546      0.052     -1.053      0.293      -0.157       0.047
PV7SCED        0.0357      0.053      0.670      0.503      -0.069       0.140
PV8SCED       -0.0371      0.049     -0.750      0.454      -0.134       0.060
PV9SCED        0.0200      0.053      0.376      0.707      -0.084       0.124
PV10SCED       0.0588      0.053      1.108      0.268      -0.045       0.163
PV1SCID       -0.0373      0.061     -0.609      0.543      -0.158       0.083
PV2SCID        0.0398      0.060      0.658      0.511      -0.079       0.159
PV3SCID        0.0048      0.063      0.075      0.940      -0.119       0.129
PV4SCID       -0.0070      0.058     -0.121      0.904      -0.121       0.107
PV5SCID        0.0659      0.061      1.085      0.278      -0.053       0.185
PV6SCID       -0.1020      0.064     -1.595      0.111      -0.228       0.024
PV7SCID        0.0451      0.064      0.708      0.479      -0.080       0.170
PV8SCID       -0.0414      0.060     -0.686      0.493      -0.160       0.077
PV9SCID       -0.0234      0.060     -0.389      0.697      -0.141       0.095
PV10SCID      -0.0764      0.060     -1.271      0.204      -0.194       0.042
PV1SKCO       -0.0171      0.062     -0.277      0.782      -0.138       0.104
PV2SKCO        0.0240      0.059      0.405      0.685      -0.092       0.140
PV3SKCO       -0.1639      0.061     -2.703      0.007      -0.283      -0.045
PV4SKCO        0.1237      0.063      1.954      0.051      -0.001       0.248
PV5SKCO       -0.0657      0.064     -1.030      0.303      -0.191       0.060
PV6SKCO        0.0598      0.062      0.971      0.332      -0.061       0.181
PV7SKCO       -0.1608      0.062     -2.578      0.010      -0.283      -0.038
PV8SKCO       -0.0281      0.063     -0.446      0.656      -0.152       0.095
PV9SKCO       -0.0061      0.053     -0.116      0.908      -0.110       0.098
PV10SKCO       0.0495      0.061      0.813      0.416      -0.070       0.169
PV1SKPE       -0.0212      0.068     -0.312      0.755      -0.155       0.112
PV2SKPE       -0.0401      0.064     -0.623      0.534      -0.166       0.086
PV3SKPE        0.2299      0.068      3.359      0.001       0.095       0.364
PV4SKPE       -0.0566      0.063     -0.893      0.372      -0.181       0.068
PV5SKPE        0.0594      0.067      0.885      0.377      -0.072       0.191
PV6SKPE       -0.0727      0.067     -1.092      0.275      -0.203       0.058
PV7SKPE        0.0938      0.064      1.456      0.146      -0.033       0.220
PV8SKPE       -0.0102      0.064     -0.160      0.873      -0.136       0.115
PV10SKPE      -0.0275      0.065     -0.426      0.671      -0.154       0.099
PV1SSPH        0.0897      0.055      1.632      0.103      -0.018       0.198
PV2SSPH        0.0511      0.055      0.926      0.355      -0.057       0.160
PV3SSPH        0.0577      0.055      1.049      0.295      -0.050       0.166
PV4SSPH        0.1467      0.052      2.809      0.005       0.044       0.249
PV5SSPH       -0.0666      0.052     -1.280      0.201      -0.169       0.036
PV6SSPH       -0.0519      0.051     -1.015      0.311      -0.152       0.049
PV7SSPH       -0.0090      0.053     -0.171      0.865      -0.112       0.094
PV8SSPH       -0.0580      0.053     -1.084      0.279      -0.163       0.047
PV9SSPH        0.0543      0.048      1.127      0.260      -0.040       0.149
PV10SSPH       0.0454      0.054      0.836      0.404      -0.061       0.152
PV1SSLI       -0.0334      0.063     -0.530      0.596      -0.157       0.090
PV2SSLI       -0.0616      0.061     -1.014      0.311      -0.181       0.058
PV3SSLI       -0.1192      0.064     -1.875      0.061      -0.244       0.006
PV4SSLI       -0.0477      0.059     -0.810      0.418      -0.163       0.068
PV5SSLI       -0.0064      0.059     -0.109      0.913      -0.122       0.109
PV6SSLI       -0.0063      0.058     -0.108      0.914      -0.121       0.108
PV7SSLI       -0.0629      0.060     -1.042      0.298      -0.181       0.056
PV8SSLI        0.0635      0.055      1.153      0.249      -0.045       0.172
PV9SSLI        0.0472      0.057      0.833      0.405      -0.064       0.158
PV10SSLI       0.1173      0.058      2.026      0.043       0.004       0.231
PV1SSES       -0.0151      0.061     -0.250      0.803      -0.134       0.104
PV2SSES       -0.0730      0.057     -1.273      0.203      -0.186       0.040
PV3SSES       -0.0464      0.054     -0.861      0.390      -0.152       0.059
PV4SSES       -0.0114      0.058     -0.197      0.844      -0.125       0.102
PV5SSES        0.0654      0.054      1.219      0.224      -0.040       0.171
PV6SSES        0.0166      0.056      0.295      0.768      -0.094       0.128
PV7SSES        0.0813      0.055      1.487      0.138      -0.026       0.189
PV10SSES      -0.0858      0.052     -1.650      0.100      -0.188       0.016
==============================================================================
Omnibus:                        5.439   Durbin-Watson:                   1.810
Prob(Omnibus):                  0.066   Jarque-Bera (JB):                7.214
Skew:                          -0.005   Prob(JB):                       0.0271
Kurtosis:                       3.537   Cond. No.                     3.55e+04
==============================================================================

Notes:
[1] Standard Errors assume that the covariance matrix of the errors is correctly specified.
[2] The condition number is large, 3.55e+04. This might indicate that there are
strong multicollinearity or other numerical problems.