                            OLS Regression Results                            
==============================================================================
Dep. Variable:                   MATH   R-squared:                       0.826
Model:                            OLS   Adj. R-squared:                  0.799
Method:                 Least Squares   F-statistic:                     30.35
Date:                Mon, 24 Apr 2023   Prob (F-statistic):          3.47e-151
Time:                        23:38:15   Log-Likelihood:                -2984.5
No. Observations:                 600   AIC:                             6133.
Df Residuals:                     518   BIC:                             6494.
Df Model:                          81                                         
Covariance Type:            nonrobust                                         
==============================================================================
                 coef    std err          t      P>|t|      [0.025      0.975]
------------------------------------------------------------------------------
Intercept     47.1371     10.698      4.406      0.000      26.120      68.154
PV2READ        0.0027      0.043      0.063      0.950      -0.082       0.087
PV6READ       -0.0419      0.043     -0.964      0.335      -0.127       0.043
PV7READ       -0.0038      0.045     -0.086      0.931      -0.091       0.084
PV8READ       -0.0322      0.046     -0.697      0.486      -0.123       0.059
PV9READ        0.0540      0.043      1.262      0.208      -0.030       0.138
PV1SCIE        0.5981      0.061      9.754      0.000       0.478       0.719
PV2SCIE        0.0496      0.065      0.761      0.447      -0.079       0.178
PV3SCIE        0.0153      0.064      0.240      0.810      -0.110       0.140
PV4SCIE       -0.0544      0.061     -0.886      0.376      -0.175       0.066
PV5SCIE       -0.0291      0.064     -0.457      0.648      -0.154       0.096
PV6SCIE        0.1274      0.064      1.997      0.046       0.002       0.253
PV7SCIE        0.0720      0.065      1.109      0.268      -0.056       0.200
PV8SCIE        0.0272      0.066      0.413      0.679      -0.102       0.157
PV9SCIE       -0.0140      0.062     -0.225      0.822      -0.136       0.108
PV1SCEP       -0.0650      0.060     -1.085      0.278      -0.183       0.053
PV2SCEP        0.0949      0.061      1.561      0.119      -0.025       0.214
PV3SCEP       -0.0130      0.057     -0.227      0.821      -0.125       0.099
PV4SCEP       -0.0170      0.057     -0.296      0.767      -0.130       0.096
PV6SCEP        0.1008      0.060      1.690      0.092      -0.016       0.218
PV7SCEP       -0.0967      0.063     -1.536      0.125      -0.220       0.027
PV10SCEP      -0.0140      0.061     -0.228      0.819      -0.135       0.107
PV1SCED        0.1794      0.048      3.717      0.000       0.085       0.274
PV2SCED       -0.0206      0.054     -0.382      0.703      -0.126       0.085
PV3SCED        0.0715      0.053      1.362      0.174      -0.032       0.175
PV4SCED       -0.1231      0.051     -2.402      0.017      -0.224      -0.022
PV5SCED        0.0382      0.050      0.761      0.447      -0.060       0.137
PV6SCED       -0.0474      0.051     -0.932      0.352      -0.147       0.052
PV7SCED        0.0568      0.052      1.095      0.274      -0.045       0.159
PV8SCED       -0.0438      0.046     -0.945      0.345      -0.135       0.047
PV9SCED        0.0351      0.050      0.706      0.481      -0.063       0.133
PV10SCED       0.0338      0.051      0.656      0.512      -0.067       0.135
PV1SCID       -0.0439      0.060     -0.731      0.465      -0.162       0.074
PV2SCID        0.0475      0.059      0.807      0.420      -0.068       0.163
PV3SCID       -0.0195      0.062     -0.314      0.754      -0.141       0.102
PV5SCID        0.0583      0.055      1.069      0.285      -0.049       0.165
PV6SCID       -0.0890      0.062     -1.430      0.153      -0.211       0.033
PV7SCID        0.0404      0.061      0.660      0.509      -0.080       0.161
PV8SCID       -0.0617      0.052     -1.184      0.237      -0.164       0.041
PV9SCID        0.0180      0.054      0.334      0.738      -0.088       0.124
PV10SCID      -0.0545      0.058     -0.933      0.351      -0.169       0.060
PV1SKCO       -0.0102      0.060     -0.170      0.865      -0.128       0.108
PV2SKCO        0.0146      0.052      0.284      0.777      -0.087       0.116
PV3SKCO       -0.1500      0.059     -2.561      0.011      -0.265      -0.035
PV4SKCO        0.1152      0.062      1.857      0.064      -0.007       0.237
PV5SKCO       -0.0684      0.063     -1.090      0.276      -0.192       0.055
PV6SKCO        0.0603      0.060      1.002      0.317      -0.058       0.178
PV7SKCO       -0.1423      0.062     -2.307      0.021      -0.263      -0.021
PV8SKCO       -0.0283      0.061     -0.461      0.645      -0.149       0.092
PV9SKCO       -0.0002      0.052     -0.004      0.997      -0.102       0.101
PV10SKCO       0.0468      0.060      0.779      0.436      -0.071       0.165
PV1SKPE       -0.0368      0.067     -0.553      0.581      -0.168       0.094
PV3SKPE        0.2368      0.066      3.592      0.000       0.107       0.366
PV4SKPE       -0.0434      0.062     -0.701      0.484      -0.165       0.078
PV5SKPE        0.0514      0.066      0.780      0.436      -0.078       0.181
PV6SKPE       -0.0890      0.065     -1.368      0.172      -0.217       0.039
PV7SKPE        0.0947      0.063      1.495      0.135      -0.030       0.219
PV8SKPE       -0.0138      0.063     -0.221      0.825      -0.137       0.109
PV10SKPE      -0.0274      0.063     -0.432      0.666      -0.152       0.097
PV2SSPH        0.0567      0.052      1.096      0.274      -0.045       0.158
PV4SSPH        0.1402      0.051      2.759      0.006       0.040       0.240
PV5SSPH       -0.0359      0.049     -0.731      0.465      -0.132       0.060
PV6SSPH       -0.0626      0.048     -1.300      0.194      -0.157       0.032
PV7SSPH        0.0038      0.051      0.073      0.941      -0.097       0.105
PV8SSPH       -0.0531      0.053     -1.006      0.315      -0.157       0.051
PV9SSPH        0.0766      0.047      1.634      0.103      -0.015       0.169
PV10SSPH       0.0445      0.054      0.827      0.409      -0.061       0.150
PV1SSLI       -0.0301      0.060     -0.505      0.614      -0.147       0.087
PV2SSLI       -0.1000      0.056     -1.794      0.073      -0.209       0.010
PV3SSLI       -0.0840      0.058     -1.461      0.145      -0.197       0.029
PV4SSLI       -0.0576      0.058     -0.996      0.320      -0.171       0.056
PV5SSLI       -0.0027      0.055     -0.050      0.961      -0.111       0.105
PV7SSLI       -0.0589      0.059     -1.007      0.314      -0.174       0.056
PV8SSLI        0.0719      0.054      1.323      0.186      -0.035       0.179
PV9SSLI        0.0312      0.055      0.564      0.573      -0.077       0.140
PV10SSLI       0.1334      0.057      2.348      0.019       0.022       0.245
PV1SSES        0.0283      0.056      0.508      0.611      -0.081       0.138
PV3SSES       -0.0468      0.052     -0.901      0.368      -0.149       0.055
PV4SSES        0.0031      0.056      0.054      0.957      -0.107       0.114
PV6SSES        0.0141      0.052      0.273      0.785      -0.087       0.116
PV7SSES        0.0708      0.053      1.325      0.186      -0.034       0.176
PV10SSES      -0.0948      0.051     -1.867      0.063      -0.195       0.005
==============================================================================
Omnibus:                        3.527   Durbin-Watson:                   1.792
Prob(Omnibus):                  0.171   Jarque-Bera (JB):                4.100
Skew:                           0.012   Prob(JB):                        0.129
Kurtosis:                       3.404   Cond. No.                     3.14e+04
==============================================================================

Notes:
[1] Standard Errors assume that the covariance matrix of the errors is correctly specified.
[2] The condition number is large, 3.14e+04. This might indicate that there are
strong multicollinearity or other numerical problems.