                            OLS Regression Results                            
==============================================================================
Dep. Variable:                   MATH   R-squared:                       0.815
Model:                            OLS   Adj. R-squared:                  0.798
Method:                 Least Squares   F-statistic:                     46.47
Date:                Mon, 24 Apr 2023   Prob (F-statistic):          2.10e-167
Time:                        23:38:38   Log-Likelihood:                -3002.2
No. Observations:                 600   AIC:                             6110.
Df Residuals:                     547   BIC:                             6343.
Df Model:                          52                                         
Covariance Type:            nonrobust                                         
==============================================================================
                 coef    std err          t      P>|t|      [0.025      0.975]
------------------------------------------------------------------------------
Intercept     48.0032     10.367      4.630      0.000      27.639      68.368
PV2READ        0.0081      0.038      0.216      0.829      -0.066       0.082
PV7READ       -0.0002      0.041     -0.005      0.996      -0.080       0.080
PV1SCIE        0.6145      0.058     10.509      0.000       0.500       0.729
PV3SCIE        0.0179      0.062      0.291      0.771      -0.103       0.139
PV5SCIE       -0.0230      0.060     -0.381      0.703      -0.141       0.095
PV7SCIE        0.0815      0.062      1.305      0.192      -0.041       0.204
PV8SCIE       -0.0192      0.060     -0.318      0.751      -0.138       0.100
PV2SCEP        0.0694      0.058      1.201      0.230      -0.044       0.183
PV6SCEP        0.0425      0.054      0.794      0.427      -0.063       0.148
PV10SCEP      -0.0056      0.058     -0.097      0.923      -0.119       0.108
PV1SCED        0.1785      0.044      4.060      0.000       0.092       0.265
PV2SCED       -0.0241      0.051     -0.473      0.637      -0.124       0.076
PV4SCED       -0.1305      0.046     -2.857      0.004      -0.220      -0.041
PV6SCED       -0.0564      0.045     -1.242      0.215      -0.146       0.033
PV7SCED        0.0489      0.047      1.031      0.303      -0.044       0.142
PV9SCED        0.0481      0.048      0.996      0.320      -0.047       0.143
PV1SCID       -0.0638      0.054     -1.192      0.234      -0.169       0.041
PV2SCID        0.0467      0.057      0.825      0.410      -0.064       0.158
PV7SCID       -0.0415      0.054     -0.774      0.439      -0.147       0.064
PV8SCID       -0.0740      0.046     -1.603      0.109      -0.165       0.017
PV9SCID        0.0164      0.052      0.314      0.754      -0.086       0.119
PV10SCID      -0.0289      0.054     -0.535      0.593      -0.135       0.077
PV2SKCO        0.0028      0.049      0.057      0.955      -0.094       0.100
PV3SKCO       -0.1494      0.056     -2.676      0.008      -0.259      -0.040
PV4SKCO        0.0920      0.059      1.551      0.121      -0.024       0.209
PV5SKCO       -0.0540      0.049     -1.092      0.275      -0.151       0.043
PV7SKCO       -0.1150      0.059     -1.952      0.051      -0.231       0.001
PV8SKCO       -0.0310      0.058     -0.531      0.596      -0.146       0.084
PV9SKCO        0.0120      0.049      0.244      0.807      -0.085       0.109
PV10SKCO       0.0172      0.048      0.359      0.720      -0.077       0.112
PV3SKPE        0.2405      0.063      3.844      0.000       0.118       0.363
PV4SKPE       -0.0360      0.060     -0.604      0.546      -0.153       0.081
PV6SKPE       -0.0207      0.054     -0.387      0.699      -0.126       0.085
PV7SKPE        0.0770      0.060      1.293      0.197      -0.040       0.194
PV8SKPE        0.0074      0.059      0.125      0.901      -0.109       0.124
PV2SSPH        0.0759      0.050      1.525      0.128      -0.022       0.174
PV4SSPH        0.1457      0.049      2.970      0.003       0.049       0.242
PV6SSPH       -0.0501      0.047     -1.077      0.282      -0.142       0.041
PV7SSPH        0.0115      0.050      0.233      0.816      -0.086       0.109
PV10SSPH       0.0463      0.052      0.896      0.371      -0.055       0.148
PV1SSLI       -0.0285      0.056     -0.511      0.610      -0.138       0.081
PV2SSLI       -0.0957      0.054     -1.774      0.077      -0.202       0.010
PV4SSLI       -0.0581      0.055     -1.054      0.293      -0.167       0.050
PV5SSLI       -0.0246      0.048     -0.517      0.606      -0.118       0.069
PV7SSLI       -0.0653      0.056     -1.165      0.245      -0.175       0.045
PV8SSLI        0.0573      0.045      1.286      0.199      -0.030       0.145
PV10SSLI       0.1285      0.055      2.329      0.020       0.020       0.237
PV1SSES        0.0117      0.052      0.226      0.821      -0.090       0.113
PV4SSES        0.0127      0.054      0.236      0.813      -0.093       0.118
PV6SSES        0.0054      0.050      0.108      0.914      -0.092       0.103
PV7SSES        0.0593      0.052      1.145      0.253      -0.042       0.161
PV10SSES      -0.0892      0.049     -1.829      0.068      -0.185       0.007
==============================================================================
Omnibus:                        1.302   Durbin-Watson:                   1.819
Prob(Omnibus):                  0.522   Jarque-Bera (JB):                1.130
Skew:                           0.053   Prob(JB):                        0.568
Kurtosis:                       3.184   Cond. No.                     2.43e+04
==============================================================================

Notes:
[1] Standard Errors assume that the covariance matrix of the errors is correctly specified.
[2] The condition number is large, 2.43e+04. This might indicate that there are
strong multicollinearity or other numerical problems.