                            OLS Regression Results                            
==============================================================================
Dep. Variable:                   MATH   R-squared:                       0.830
Model:                            OLS   Adj. R-squared:                  0.799
Method:                 Least Squares   F-statistic:                     26.62
Date:                Mon, 24 Apr 2023   Prob (F-statistic):          3.96e-145
Time:                        23:38:02   Log-Likelihood:                -2977.0
No. Observations:                 600   AIC:                             6142.
Df Residuals:                     506   BIC:                             6555.
Df Model:                          93                                         
Covariance Type:            nonrobust                                         
==============================================================================
                 coef    std err          t      P>|t|      [0.025      0.975]
------------------------------------------------------------------------------
Intercept     45.6140     11.054      4.127      0.000      23.897      67.331
PV1READ        0.0587      0.047      1.253      0.211      -0.033       0.151
PV2READ       -0.0281      0.045     -0.629      0.530      -0.116       0.060
PV3READ    -4.136e-05      0.049     -0.001      0.999      -0.097       0.097
PV4READ        0.0239      0.047      0.512      0.609      -0.068       0.116
PV5READ        0.0467      0.048      0.974      0.330      -0.047       0.141
PV6READ       -0.0552      0.046     -1.189      0.235      -0.146       0.036
PV7READ       -0.0135      0.047     -0.287      0.774      -0.106       0.079
PV8READ       -0.0541      0.048     -1.121      0.263      -0.149       0.041
PV9READ        0.0402      0.045      0.901      0.368      -0.047       0.128
PV1SCIE        0.5814      0.067      8.680      0.000       0.450       0.713
PV2SCIE        0.0823      0.067      1.235      0.218      -0.049       0.213
PV3SCIE        0.0032      0.073      0.045      0.964      -0.139       0.146
PV4SCIE       -0.0787      0.066     -1.188      0.236      -0.209       0.052
PV5SCIE       -0.0641      0.071     -0.908      0.364      -0.203       0.075
PV6SCIE        0.1194      0.065      1.843      0.066      -0.008       0.247
PV7SCIE        0.0698      0.066      1.054      0.292      -0.060       0.200
PV8SCIE        0.0252      0.067      0.376      0.707      -0.106       0.157
PV9SCIE       -0.0216      0.063     -0.341      0.733      -0.146       0.103
PV1SCEP       -0.0620      0.061     -1.014      0.311      -0.182       0.058
PV2SCEP        0.1084      0.062      1.738      0.083      -0.014       0.231
PV3SCEP       -0.0117      0.058     -0.200      0.841      -0.126       0.103
PV4SCEP       -0.0243      0.062     -0.395      0.693      -0.145       0.097
PV5SCEP       -0.0835      0.068     -1.221      0.223      -0.218       0.051
PV6SCEP        0.1092      0.061      1.800      0.072      -0.010       0.228
PV7SCEP       -0.0969      0.065     -1.500      0.134      -0.224       0.030
PV9SCEP        0.1239      0.063      1.977      0.049       0.001       0.247
PV10SCEP      -0.0165      0.062     -0.266      0.790      -0.138       0.105
PV1SCED        0.1660      0.049      3.368      0.001       0.069       0.263
PV2SCED       -0.0212      0.054     -0.390      0.697      -0.128       0.086
PV3SCED        0.0540      0.054      1.008      0.314      -0.051       0.159
PV4SCED       -0.0933      0.055     -1.682      0.093      -0.202       0.016
PV5SCED        0.0872      0.056      1.570      0.117      -0.022       0.196
PV6SCED       -0.0476      0.052     -0.919      0.358      -0.149       0.054
PV7SCED        0.0419      0.053      0.797      0.426      -0.061       0.145
PV8SCED       -0.0450      0.048     -0.946      0.344      -0.138       0.048
PV9SCED        0.0064      0.053      0.122      0.903      -0.097       0.110
PV10SCED       0.0542      0.053      1.031      0.303      -0.049       0.157
PV1SCID       -0.0434      0.061     -0.709      0.479      -0.164       0.077
PV2SCID        0.0305      0.060      0.507      0.612      -0.088       0.148
PV3SCID        0.0048      0.063      0.076      0.940      -0.119       0.129
PV4SCID       -0.0129      0.058     -0.225      0.822      -0.126       0.100
PV5SCID        0.0675      0.061      1.111      0.267      -0.052       0.187
PV6SCID       -0.1070      0.064     -1.675      0.095      -0.232       0.018
PV7SCID        0.0602      0.063      0.952      0.341      -0.064       0.184
PV8SCID       -0.0430      0.054     -0.802      0.423      -0.148       0.062
PV9SCID       -0.0207      0.060     -0.346      0.730      -0.138       0.097
PV10SCID      -0.0685      0.059     -1.158      0.247      -0.185       0.048
PV1SKCO       -0.0258      0.061     -0.421      0.674      -0.146       0.095
PV2SKCO        0.0315      0.059      0.532      0.595      -0.085       0.148
PV3SKCO       -0.1573      0.060     -2.602      0.010      -0.276      -0.039
PV4SKCO        0.1253      0.063      1.978      0.048       0.001       0.250
PV5SKCO       -0.0666      0.064     -1.046      0.296      -0.192       0.058
PV6SKCO        0.0616      0.062      1.001      0.318      -0.059       0.182
PV7SKCO       -0.1648      0.062     -2.642      0.008      -0.287      -0.042
PV8SKCO       -0.0199      0.062     -0.321      0.748      -0.141       0.102
PV9SKCO        0.0092      0.052      0.176      0.860      -0.093       0.111
PV10SKCO       0.0541      0.061      0.889      0.374      -0.065       0.174
PV1SKPE       -0.0167      0.068     -0.246      0.805      -0.150       0.117
PV2SKPE       -0.0437      0.064     -0.680      0.497      -0.170       0.083
PV3SKPE        0.2295      0.068      3.359      0.001       0.095       0.364
PV4SKPE       -0.0460      0.063     -0.729      0.466      -0.170       0.078
PV5SKPE        0.0666      0.067      0.996      0.320      -0.065       0.198
PV6SKPE       -0.0799      0.066     -1.203      0.230      -0.210       0.051
PV7SKPE        0.1010      0.064      1.572      0.117      -0.025       0.227
PV8SKPE       -0.0134      0.064     -0.210      0.833      -0.138       0.112
PV10SKPE      -0.0353      0.065     -0.548      0.584      -0.162       0.091
PV2SSPH        0.0613      0.055      1.118      0.264      -0.046       0.169
PV3SSPH        0.0591      0.055      1.076      0.282      -0.049       0.167
PV4SSPH        0.1483      0.052      2.850      0.005       0.046       0.251
PV5SSPH       -0.0661      0.052     -1.272      0.204      -0.168       0.036
PV6SSPH       -0.0486      0.051     -0.952      0.342      -0.149       0.052
PV7SSPH       -0.0051      0.052     -0.098      0.922      -0.108       0.098
PV8SSPH       -0.0599      0.054     -1.119      0.264      -0.165       0.045
PV9SSPH        0.0599      0.048      1.251      0.211      -0.034       0.154
PV10SSPH       0.0493      0.054      0.912      0.362      -0.057       0.155
PV1SSLI       -0.0103      0.061     -0.168      0.867      -0.131       0.110
PV2SSLI       -0.0799      0.060     -1.332      0.183      -0.198       0.038
PV3SSLI       -0.1185      0.064     -1.864      0.063      -0.244       0.006
PV4SSLI       -0.0504      0.059     -0.857      0.392      -0.166       0.065
PV5SSLI       -0.0114      0.059     -0.194      0.847      -0.127       0.104
PV6SSLI       -0.0026      0.058     -0.044      0.965      -0.117       0.112
PV7SSLI       -0.0644      0.060     -1.073      0.284      -0.182       0.054
PV8SSLI        0.0678      0.055      1.234      0.218      -0.040       0.176
PV9SSLI        0.0453      0.057      0.800      0.424      -0.066       0.157
PV10SSLI       0.1154      0.058      1.994      0.047       0.002       0.229
PV1SSES        0.0229      0.056      0.406      0.685      -0.088       0.134
PV2SSES       -0.0697      0.057     -1.227      0.220      -0.181       0.042
PV3SSES       -0.0488      0.053     -0.912      0.362      -0.154       0.056
PV4SSES       -0.0171      0.058     -0.296      0.767      -0.131       0.096
PV5SSES        0.0662      0.054      1.237      0.217      -0.039       0.171
PV6SSES        0.0058      0.056      0.103      0.918      -0.104       0.116
PV7SSES        0.0792      0.055      1.449      0.148      -0.028       0.187
PV10SSES      -0.0921      0.052     -1.772      0.077      -0.194       0.010
==============================================================================
Omnibus:                        4.302   Durbin-Watson:                   1.808
Prob(Omnibus):                  0.116   Jarque-Bera (JB):                5.285
Skew:                           0.020   Prob(JB):                       0.0712
Kurtosis:                       3.458   Cond. No.                     3.48e+04
==============================================================================

Notes:
[1] Standard Errors assume that the covariance matrix of the errors is correctly specified.
[2] The condition number is large, 3.48e+04. This might indicate that there are
strong multicollinearity or other numerical problems.