                            OLS Regression Results                            
==============================================================================
Dep. Variable:                   MATH   R-squared:                       0.822
Model:                            OLS   Adj. R-squared:                  0.799
Method:                 Least Squares   F-statistic:                     36.02
Date:                Mon, 24 Apr 2023   Prob (F-statistic):          1.70e-158
Time:                        23:38:27   Log-Likelihood:                -2991.6
No. Observations:                 600   AIC:                             6121.
Df Residuals:                     531   BIC:                             6425.
Df Model:                          68                                         
Covariance Type:            nonrobust                                         
==============================================================================
                 coef    std err          t      P>|t|      [0.025      0.975]
------------------------------------------------------------------------------
Intercept     48.0250     10.550      4.552      0.000      27.300      68.750
PV2READ        0.0160      0.038      0.416      0.678      -0.059       0.091
PV7READ       -0.0124      0.041     -0.302      0.763      -0.093       0.068
PV1SCIE        0.5952      0.060      9.981      0.000       0.478       0.712
PV3SCIE        0.0184      0.062      0.295      0.768      -0.104       0.141
PV4SCIE       -0.0530      0.060     -0.879      0.380      -0.171       0.065
PV5SCIE       -0.0224      0.061     -0.365      0.715      -0.143       0.098
PV7SCIE        0.0776      0.063      1.232      0.219      -0.046       0.201
PV8SCIE        0.0074      0.061      0.120      0.905      -0.113       0.128
PV2SCEP        0.0877      0.060      1.467      0.143      -0.030       0.205
PV4SCEP       -0.0042      0.056     -0.075      0.940      -0.114       0.105
PV6SCEP        0.0866      0.059      1.479      0.140      -0.028       0.202
PV7SCEP       -0.0686      0.061     -1.132      0.258      -0.188       0.050
PV10SCEP      -0.0052      0.059     -0.089      0.929      -0.120       0.110
PV1SCED        0.1648      0.045      3.652      0.000       0.076       0.253
PV2SCED       -0.0393      0.053     -0.744      0.457      -0.143       0.065
PV3SCED        0.0828      0.050      1.644      0.101      -0.016       0.182
PV4SCED       -0.1263      0.050     -2.528      0.012      -0.224      -0.028
PV5SCED        0.0667      0.044      1.530      0.127      -0.019       0.152
PV6SCED       -0.0414      0.049     -0.840      0.401      -0.138       0.055
PV7SCED        0.0505      0.051      0.999      0.318      -0.049       0.150
PV8SCED       -0.0591      0.045     -1.302      0.193      -0.148       0.030
PV9SCED        0.0362      0.049      0.739      0.460      -0.060       0.132
PV1SCID       -0.0656      0.055     -1.187      0.236      -0.174       0.043
PV2SCID        0.0487      0.058      0.839      0.402      -0.065       0.163
PV3SCID       -0.0249      0.057     -0.436      0.663      -0.137       0.087
PV6SCID       -0.0828      0.061     -1.352      0.177      -0.203       0.037
PV7SCID        0.0146      0.060      0.245      0.806      -0.102       0.132
PV8SCID       -0.0524      0.051     -1.023      0.307      -0.153       0.048
PV9SCID        0.0221      0.053      0.417      0.677      -0.082       0.126
PV10SCID      -0.0333      0.055     -0.606      0.545      -0.141       0.075
PV1SKCO       -0.0175      0.049     -0.354      0.724      -0.115       0.080
PV2SKCO        0.0184      0.051      0.362      0.717      -0.082       0.118
PV3SKCO       -0.1440      0.058     -2.498      0.013      -0.257      -0.031
PV4SKCO        0.1122      0.061      1.841      0.066      -0.008       0.232
PV5SKCO       -0.0799      0.061     -1.309      0.191      -0.200       0.040
PV7SKCO       -0.1256      0.060     -2.081      0.038      -0.244      -0.007
PV8SKCO       -0.0252      0.060     -0.422      0.673      -0.143       0.092
PV9SKCO        0.0127      0.051      0.251      0.802      -0.087       0.112
PV10SKCO       0.0418      0.059      0.710      0.478      -0.074       0.157
PV3SKPE        0.2460      0.065      3.786      0.000       0.118       0.374
PV4SKPE       -0.0359      0.061     -0.592      0.554      -0.155       0.083
PV5SKPE        0.0487      0.065      0.751      0.453      -0.079       0.176
PV6SKPE       -0.0362      0.055     -0.661      0.509      -0.144       0.071
PV7SKPE        0.0851      0.061      1.388      0.166      -0.035       0.206
PV8SKPE       -0.0017      0.061     -0.028      0.977      -0.122       0.119
PV10SKPE      -0.0227      0.062     -0.367      0.713      -0.144       0.098
PV2SSPH        0.0686      0.051      1.345      0.179      -0.032       0.169
PV4SSPH        0.1542      0.050      3.076      0.002       0.056       0.253
PV5SSPH       -0.0239      0.048     -0.495      0.621      -0.119       0.071
PV6SSPH       -0.0625      0.048     -1.316      0.189      -0.156       0.031
PV7SSPH        0.0096      0.051      0.189      0.850      -0.090       0.109
PV8SSPH       -0.0512      0.052     -0.985      0.325      -0.153       0.051
PV9SSPH        0.0784      0.046      1.702      0.089      -0.012       0.169
PV10SSPH       0.0412      0.053      0.783      0.434      -0.062       0.145
PV1SSLI       -0.0329      0.057     -0.575      0.565      -0.145       0.079
PV2SSLI       -0.1051      0.055     -1.919      0.055      -0.213       0.002
PV4SSLI       -0.0617      0.057     -1.090      0.276      -0.173       0.050
PV5SSLI       -0.0213      0.054     -0.397      0.692      -0.127       0.084
PV7SSLI       -0.0729      0.058     -1.264      0.207      -0.186       0.040
PV8SSLI        0.0737      0.053      1.386      0.166      -0.031       0.178
PV9SSLI        0.0216      0.054      0.402      0.688      -0.084       0.127
PV10SSLI       0.1358      0.056      2.427      0.016       0.026       0.246
PV1SSES        0.0312      0.053      0.584      0.560      -0.074       0.136
PV3SSES       -0.0767      0.045     -1.704      0.089      -0.165       0.012
PV4SSES        0.0081      0.055      0.147      0.883      -0.100       0.117
PV6SSES        0.0239      0.051      0.473      0.637      -0.075       0.123
PV7SSES        0.0773      0.053      1.461      0.145      -0.027       0.181
PV10SSES      -0.0843      0.050     -1.703      0.089      -0.182       0.013
==============================================================================
Omnibus:                        1.778   Durbin-Watson:                   1.798
Prob(Omnibus):                  0.411   Jarque-Bera (JB):                1.699
Skew:                          -0.032   Prob(JB):                        0.428
Kurtosis:                       3.253   Cond. No.                     2.84e+04
==============================================================================

Notes:
[1] Standard Errors assume that the covariance matrix of the errors is correctly specified.
[2] The condition number is large, 2.84e+04. This might indicate that there are
strong multicollinearity or other numerical problems.