                            OLS Regression Results                            
==============================================================================
Dep. Variable:                   MATH   R-squared:                       0.832
Model:                            OLS   Adj. R-squared:                  0.799
Method:                 Least Squares   F-statistic:                     25.08
Date:                Mon, 24 Apr 2023   Prob (F-statistic):          3.54e-142
Time:                        23:37:53   Log-Likelihood:                -2973.3
No. Observations:                 600   AIC:                             6147.
Df Residuals:                     500   BIC:                             6586.
Df Model:                          99                                         
Covariance Type:            nonrobust                                         
==============================================================================
                 coef    std err          t      P>|t|      [0.025      0.975]
------------------------------------------------------------------------------
Intercept     46.7488     11.224      4.165      0.000      24.697      68.801
PV1READ        0.0553      0.047      1.176      0.240      -0.037       0.148
PV2READ       -0.0396      0.045     -0.871      0.384      -0.129       0.050
PV3READ       -0.0076      0.050     -0.154      0.877      -0.105       0.090
PV4READ        0.0024      0.048      0.050      0.960      -0.092       0.096
PV5READ        0.0490      0.048      1.012      0.312      -0.046       0.144
PV6READ       -0.0557      0.047     -1.195      0.232      -0.147       0.036
PV7READ       -0.0149      0.048     -0.313      0.755      -0.109       0.079
PV8READ       -0.0676      0.049     -1.388      0.166      -0.163       0.028
PV9READ        0.0325      0.045      0.722      0.471      -0.056       0.121
PV10READ       0.0844      0.050      1.695      0.091      -0.013       0.182
PV1SCIE        0.5846      0.067      8.667      0.000       0.452       0.717
PV2SCIE        0.0941      0.067      1.404      0.161      -0.038       0.226
PV3SCIE        0.0046      0.073      0.064      0.949      -0.138       0.148
PV4SCIE       -0.0486      0.068     -0.719      0.472      -0.181       0.084
PV5SCIE       -0.0633      0.071     -0.892      0.373      -0.203       0.076
PV6SCIE        0.1185      0.065      1.820      0.069      -0.009       0.246
PV7SCIE        0.0572      0.067      0.857      0.392      -0.074       0.188
PV8SCIE        0.0158      0.067      0.234      0.815      -0.117       0.148
PV9SCIE       -0.0158      0.063     -0.249      0.804      -0.141       0.109
PV10SCIE      -0.0932      0.066     -1.416      0.157      -0.223       0.036
PV1SCEP       -0.0582      0.061     -0.949      0.343      -0.179       0.062
PV2SCEP        0.1045      0.063      1.667      0.096      -0.019       0.228
PV3SCEP       -0.0045      0.059     -0.076      0.939      -0.121       0.112
PV4SCEP       -0.0324      0.063     -0.519      0.604      -0.155       0.090
PV5SCEP       -0.0723      0.069     -1.045      0.296      -0.208       0.064
PV6SCEP        0.1185      0.061      1.940      0.053      -0.001       0.238
PV7SCEP       -0.0876      0.066     -1.335      0.182      -0.216       0.041
PV8SCEP       -0.0251      0.066     -0.380      0.704      -0.155       0.105
PV9SCEP        0.1179      0.065      1.818      0.070      -0.010       0.245
PV10SCEP      -0.0205      0.063     -0.327      0.744      -0.144       0.103
PV1SCED        0.1661      0.050      3.345      0.001       0.069       0.264
PV2SCED       -0.0227      0.055     -0.415      0.679      -0.131       0.085
PV3SCED        0.0526      0.054      0.977      0.329      -0.053       0.158
PV4SCED       -0.0998      0.056     -1.786      0.075      -0.210       0.010
PV5SCED        0.0800      0.056      1.422      0.156      -0.031       0.190
PV6SCED       -0.0575      0.052     -1.101      0.271      -0.160       0.045
PV7SCED        0.0392      0.054      0.730      0.466      -0.066       0.145
PV8SCED       -0.0349      0.050     -0.704      0.482      -0.132       0.062
PV9SCED        0.0238      0.053      0.444      0.657      -0.081       0.129
PV10SCED       0.0601      0.053      1.129      0.260      -0.044       0.165
PV1SCID       -0.0352      0.062     -0.572      0.568      -0.156       0.086
PV2SCID        0.0382      0.061      0.632      0.528      -0.081       0.157
PV3SCID        0.0116      0.064      0.182      0.856      -0.114       0.137
PV4SCID       -0.0050      0.058     -0.085      0.932      -0.119       0.109
PV5SCID        0.0699      0.062      1.136      0.257      -0.051       0.191
PV6SCID       -0.0969      0.064     -1.508      0.132      -0.223       0.029
PV7SCID        0.0393      0.064      0.616      0.538      -0.086       0.165
PV8SCID       -0.0426      0.060     -0.704      0.482      -0.161       0.076
PV9SCID       -0.0255      0.061     -0.418      0.676      -0.145       0.094
PV10SCID      -0.0823      0.060     -1.364      0.173      -0.201       0.036
PV1SKCO       -0.0039      0.063     -0.062      0.951      -0.127       0.119
PV2SKCO        0.0226      0.059      0.380      0.704      -0.094       0.139
PV3SKCO       -0.1689      0.061     -2.774      0.006      -0.288      -0.049
PV4SKCO        0.1241      0.064      1.947      0.052      -0.001       0.249
PV5SKCO       -0.0619      0.064     -0.968      0.334      -0.188       0.064
PV6SKCO        0.0613      0.062      0.992      0.321      -0.060       0.183
PV7SKCO       -0.1619      0.062     -2.590      0.010      -0.285      -0.039
PV8SKCO       -0.0317      0.063     -0.503      0.615      -0.156       0.092
PV9SKCO       -0.0090      0.060     -0.149      0.882      -0.128       0.110
PV10SKCO       0.0528      0.061      0.864      0.388      -0.067       0.173
PV1SKPE       -0.0329      0.069     -0.478      0.633      -0.168       0.102
PV2SKPE       -0.0392      0.065     -0.600      0.549      -0.167       0.089
PV3SKPE        0.2349      0.069      3.409      0.001       0.100       0.370
PV4SKPE       -0.0521      0.064     -0.813      0.417      -0.178       0.074
PV5SKPE        0.0612      0.067      0.910      0.363      -0.071       0.193
PV6SKPE       -0.0715      0.067     -1.073      0.284      -0.202       0.059
PV7SKPE        0.0970      0.065      1.498      0.135      -0.030       0.224
PV8SKPE       -0.0117      0.064     -0.182      0.855      -0.138       0.114
PV9SKPE        0.0123      0.061      0.200      0.842      -0.108       0.133
PV10SKPE      -0.0316      0.065     -0.487      0.626      -0.159       0.096
PV1SSPH        0.0907      0.055      1.648      0.100      -0.017       0.199
PV2SSPH        0.0492      0.055      0.890      0.374      -0.059       0.158
PV3SSPH        0.0624      0.055      1.131      0.258      -0.046       0.171
PV4SSPH        0.1466      0.053      2.791      0.005       0.043       0.250
PV5SSPH       -0.0644      0.052     -1.236      0.217      -0.167       0.038
PV6SSPH       -0.0487      0.051     -0.951      0.342      -0.149       0.052
PV7SSPH       -0.0036      0.053     -0.067      0.946      -0.107       0.100
PV8SSPH       -0.0662      0.054     -1.224      0.222      -0.172       0.040
PV9SSPH        0.0551      0.051      1.083      0.279      -0.045       0.155
PV10SSPH       0.0524      0.055      0.960      0.337      -0.055       0.160
PV1SSLI       -0.0275      0.063     -0.435      0.664      -0.152       0.097
PV2SSLI       -0.0649      0.061     -1.057      0.291      -0.186       0.056
PV3SSLI       -0.1169      0.064     -1.835      0.067      -0.242       0.008
PV4SSLI       -0.0372      0.060     -0.623      0.534      -0.155       0.080
PV5SSLI       -0.0145      0.059     -0.245      0.807      -0.131       0.102
PV6SSLI       -0.0065      0.058     -0.112      0.911      -0.121       0.108
PV7SSLI       -0.0665      0.061     -1.099      0.272      -0.185       0.052
PV8SSLI        0.0699      0.055      1.259      0.209      -0.039       0.179
PV9SSLI        0.0531      0.060      0.885      0.377      -0.065       0.171
PV10SSLI       0.1143      0.059      1.947      0.052      -0.001       0.230
PV1SSES       -0.0139      0.061     -0.228      0.819      -0.133       0.105
PV2SSES       -0.0676      0.058     -1.164      0.245      -0.182       0.047
PV3SSES       -0.0495      0.054     -0.912      0.362      -0.156       0.057
PV4SSES       -0.0160      0.058     -0.276      0.783      -0.130       0.098
PV5SSES        0.0686      0.054      1.270      0.205      -0.038       0.175
PV6SSES        0.0153      0.057      0.271      0.787      -0.096       0.127
PV7SSES        0.0810      0.055      1.460      0.145      -0.028       0.190
PV9SSES       -0.0130      0.057     -0.228      0.820      -0.125       0.099
PV10SSES      -0.0853      0.053     -1.618      0.106      -0.189       0.018
==============================================================================
Omnibus:                        5.371   Durbin-Watson:                   1.798
Prob(Omnibus):                  0.068   Jarque-Bera (JB):                7.096
Skew:                          -0.005   Prob(JB):                       0.0288
Kurtosis:                       3.533   Cond. No.                     3.65e+04
==============================================================================

Notes:
[1] Standard Errors assume that the covariance matrix of the errors is correctly specified.
[2] The condition number is large, 3.65e+04. This might indicate that there are
strong multicollinearity or other numerical problems.