                            OLS Regression Results                            
==============================================================================
Dep. Variable:                   MATH   R-squared:                       0.828
Model:                            OLS   Adj. R-squared:                  0.800
Method:                 Least Squares   F-statistic:                     29.45
Date:                Mon, 24 Apr 2023   Prob (F-statistic):          4.84e-150
Time:                        23:38:12   Log-Likelihood:                -2981.5
No. Observations:                 600   AIC:                             6133.
Df Residuals:                     515   BIC:                             6507.
Df Model:                          84                                         
Covariance Type:            nonrobust                                         
==============================================================================
                 coef    std err          t      P>|t|      [0.025      0.975]
------------------------------------------------------------------------------
Intercept     48.5040     10.725      4.522      0.000      27.433      69.575
PV2READ       -0.0021      0.043     -0.048      0.962      -0.087       0.083
PV6READ       -0.0455      0.044     -1.044      0.297      -0.131       0.040
PV7READ        0.0044      0.045      0.099      0.921      -0.084       0.093
PV8READ       -0.0350      0.046     -0.753      0.452      -0.126       0.056
PV9READ        0.0567      0.043      1.325      0.186      -0.027       0.141
PV1SCIE        0.6047      0.061      9.845      0.000       0.484       0.725
PV2SCIE        0.0596      0.066      0.909      0.364      -0.069       0.188
PV3SCIE        0.0111      0.064      0.175      0.861      -0.114       0.136
PV4SCIE       -0.0575      0.061     -0.939      0.348      -0.178       0.063
PV5SCIE       -0.0339      0.064     -0.533      0.594      -0.159       0.091
PV6SCIE        0.1183      0.064      1.852      0.065      -0.007       0.244
PV7SCIE        0.0643      0.065      0.987      0.324      -0.064       0.192
PV8SCIE        0.0213      0.066      0.323      0.747      -0.108       0.151
PV9SCIE       -0.0201      0.062     -0.321      0.748      -0.143       0.103
PV1SCEP       -0.0580      0.060     -0.966      0.334      -0.176       0.060
PV2SCEP        0.1021      0.061      1.669      0.096      -0.018       0.222
PV3SCEP       -0.0246      0.058     -0.427      0.670      -0.138       0.089
PV4SCEP       -0.0109      0.058     -0.188      0.851      -0.125       0.103
PV5SCEP       -0.0955      0.067     -1.419      0.156      -0.228       0.037
PV6SCEP        0.1065      0.060      1.768      0.078      -0.012       0.225
PV7SCEP       -0.0949      0.063     -1.504      0.133      -0.219       0.029
PV9SCEP        0.1172      0.062      1.891      0.059      -0.005       0.239
PV10SCEP      -0.0171      0.062     -0.279      0.781      -0.138       0.104
PV1SCED        0.1771      0.048      3.663      0.000       0.082       0.272
PV2SCED       -0.0254      0.054     -0.471      0.638      -0.131       0.081
PV3SCED        0.0672      0.053      1.279      0.201      -0.036       0.170
PV4SCED       -0.1180      0.051     -2.297      0.022      -0.219      -0.017
PV5SCED        0.0808      0.055      1.468      0.143      -0.027       0.189
PV6SCED       -0.0524      0.051     -1.030      0.303      -0.152       0.048
PV7SCED        0.0511      0.052      0.983      0.326      -0.051       0.153
PV8SCED       -0.0471      0.047     -1.013      0.312      -0.139       0.044
PV9SCED        0.0044      0.052      0.085      0.932      -0.097       0.106
PV10SCED       0.0443      0.052      0.854      0.393      -0.058       0.146
PV1SCID       -0.0499      0.060     -0.832      0.406      -0.168       0.068
PV2SCID        0.0392      0.059      0.666      0.506      -0.077       0.155
PV3SCID       -0.0047      0.063     -0.074      0.941      -0.127       0.118
PV5SCID        0.0863      0.060      1.448      0.148      -0.031       0.203
PV6SCID       -0.0911      0.063     -1.455      0.146      -0.214       0.032
PV7SCID        0.0496      0.062      0.806      0.421      -0.071       0.171
PV8SCID       -0.0585      0.052     -1.118      0.264      -0.161       0.044
PV9SCID       -0.0300      0.059     -0.511      0.609      -0.145       0.085
PV10SCID      -0.0619      0.058     -1.060      0.290      -0.177       0.053
PV1SKCO       -0.0248      0.061     -0.408      0.684      -0.144       0.095
PV2SKCO        0.0156      0.052      0.301      0.763      -0.086       0.117
PV3SKCO       -0.1475      0.060     -2.473      0.014      -0.265      -0.030
PV4SKCO        0.1277      0.062      2.045      0.041       0.005       0.250
PV5SKCO       -0.0703      0.063     -1.120      0.263      -0.194       0.053
PV6SKCO        0.0530      0.061      0.876      0.382      -0.066       0.172
PV7SKCO       -0.1542      0.062     -2.491      0.013      -0.276      -0.033
PV8SKCO       -0.0279      0.061     -0.454      0.650      -0.148       0.093
PV9SKCO        0.0060      0.052      0.117      0.907      -0.095       0.107
PV10SKCO       0.0465      0.060      0.773      0.440      -0.072       0.165
PV1SKPE       -0.0178      0.067     -0.264      0.792      -0.150       0.115
PV3SKPE        0.2301      0.067      3.438      0.001       0.099       0.362
PV4SKPE       -0.0514      0.062     -0.827      0.409      -0.173       0.071
PV5SKPE        0.0604      0.066      0.916      0.360      -0.069       0.190
PV6SKPE       -0.0818      0.065     -1.253      0.211      -0.210       0.046
PV7SKPE        0.1035      0.064      1.627      0.104      -0.022       0.229
PV8SKPE       -0.0082      0.063     -0.131      0.896      -0.131       0.115
PV10SKPE      -0.0335      0.063     -0.529      0.597      -0.158       0.091
PV2SSPH        0.0509      0.052      0.980      0.328      -0.051       0.153
PV4SSPH        0.1563      0.051      3.046      0.002       0.056       0.257
PV5SSPH       -0.0411      0.049     -0.837      0.403      -0.137       0.055
PV6SSPH       -0.0636      0.050     -1.264      0.207      -0.163       0.035
PV7SSPH        0.0071      0.052      0.137      0.891      -0.094       0.108
PV8SSPH       -0.0596      0.053     -1.125      0.261      -0.164       0.044
PV9SSPH        0.0663      0.047      1.407      0.160      -0.026       0.159
PV10SSPH       0.0424      0.054      0.790      0.430      -0.063       0.148
PV1SSLI       -0.0211      0.060     -0.352      0.725      -0.139       0.097
PV2SSLI       -0.1105      0.056     -1.976      0.049      -0.220      -0.001
PV3SSLI       -0.0833      0.058     -1.435      0.152      -0.197       0.031
PV4SSLI       -0.0635      0.058     -1.098      0.273      -0.177       0.050
PV5SSLI        0.0037      0.055      0.067      0.946      -0.105       0.112
PV6SSLI       -0.0003      0.058     -0.005      0.996      -0.113       0.113
PV7SSLI       -0.0588      0.059     -0.998      0.319      -0.175       0.057
PV8SSLI        0.0736      0.055      1.348      0.178      -0.034       0.181
PV9SSLI        0.0418      0.056      0.751      0.453      -0.068       0.151
PV10SSLI       0.1222      0.057      2.148      0.032       0.010       0.234
PV1SSES        0.0290      0.056      0.523      0.602      -0.080       0.138
PV3SSES       -0.0498      0.052     -0.960      0.338      -0.152       0.052
PV4SSES        0.0006      0.057      0.010      0.992      -0.110       0.112
PV6SSES        0.0156      0.055      0.284      0.776      -0.092       0.124
PV7SSES        0.0677      0.053      1.268      0.205      -0.037       0.173
PV10SSES      -0.0917      0.051     -1.806      0.072      -0.192       0.008
==============================================================================
Omnibus:                        4.948   Durbin-Watson:                   1.796
Prob(Omnibus):                  0.084   Jarque-Bera (JB):                6.297
Skew:                           0.032   Prob(JB):                       0.0429
Kurtosis:                       3.498   Cond. No.                     3.21e+04
==============================================================================

Notes:
[1] Standard Errors assume that the covariance matrix of the errors is correctly specified.
[2] The condition number is large, 3.21e+04. This might indicate that there are
strong multicollinearity or other numerical problems.