                            OLS Regression Results                            
==============================================================================
Dep. Variable:                   MATH   R-squared:                       0.827
Model:                            OLS   Adj. R-squared:                  0.799
Method:                 Least Squares   F-statistic:                     29.73
Date:                Mon, 24 Apr 2023   Prob (F-statistic):          2.34e-150
Time:                        23:38:13   Log-Likelihood:                -2982.7
No. Observations:                 600   AIC:                             6133.
Df Residuals:                     516   BIC:                             6503.
Df Model:                          83                                         
Covariance Type:            nonrobust                                         
==============================================================================
                 coef    std err          t      P>|t|      [0.025      0.975]
------------------------------------------------------------------------------
Intercept     47.1667     10.694      4.410      0.000      26.157      68.177
PV2READ        0.0020      0.043      0.045      0.964      -0.083       0.086
PV6READ       -0.0442      0.044     -1.013      0.311      -0.130       0.041
PV7READ        0.0046      0.045      0.102      0.919      -0.084       0.093
PV8READ       -0.0367      0.046     -0.789      0.431      -0.128       0.055
PV9READ        0.0586      0.043      1.367      0.172      -0.026       0.143
PV1SCIE        0.6010      0.061      9.784      0.000       0.480       0.722
PV2SCIE        0.0499      0.065      0.765      0.444      -0.078       0.178
PV3SCIE        0.0127      0.064      0.200      0.842      -0.112       0.138
PV4SCIE       -0.0570      0.061     -0.930      0.353      -0.177       0.063
PV5SCIE       -0.0319      0.064     -0.501      0.616      -0.157       0.093
PV6SCIE        0.1214      0.064      1.900      0.058      -0.004       0.247
PV7SCIE        0.0610      0.065      0.936      0.350      -0.067       0.189
PV8SCIE        0.0255      0.066      0.387      0.699      -0.104       0.155
PV9SCIE       -0.0176      0.062     -0.281      0.779      -0.140       0.105
PV1SCEP       -0.0642      0.060     -1.071      0.285      -0.182       0.054
PV2SCEP        0.0918      0.061      1.510      0.132      -0.028       0.211
PV3SCEP       -0.0257      0.058     -0.446      0.656      -0.139       0.087
PV4SCEP       -0.0236      0.057     -0.410      0.682      -0.136       0.089
PV6SCEP        0.0961      0.060      1.607      0.109      -0.021       0.214
PV7SCEP       -0.1020      0.063     -1.619      0.106      -0.226       0.022
PV9SCEP        0.1092      0.062      1.768      0.078      -0.012       0.231
PV10SCEP      -0.0212      0.061     -0.345      0.730      -0.142       0.100
PV1SCED        0.1827      0.048      3.787      0.000       0.088       0.277
PV2SCED       -0.0191      0.054     -0.355      0.723      -0.125       0.087
PV3SCED        0.0721      0.052      1.373      0.170      -0.031       0.175
PV4SCED       -0.1156      0.051     -2.248      0.025      -0.217      -0.015
PV5SCED        0.0501      0.051      0.989      0.323      -0.049       0.150
PV6SCED       -0.0498      0.051     -0.979      0.328      -0.150       0.050
PV7SCED        0.0545      0.052      1.049      0.295      -0.048       0.157
PV8SCED       -0.0451      0.047     -0.969      0.333      -0.137       0.046
PV9SCED        0.0101      0.052      0.195      0.845      -0.092       0.112
PV10SCED       0.0460      0.052      0.886      0.376      -0.056       0.148
PV1SCID       -0.0486      0.060     -0.809      0.419      -0.167       0.069
PV2SCID        0.0453      0.059      0.770      0.442      -0.070       0.161
PV3SCID       -0.0041      0.063     -0.066      0.947      -0.127       0.119
PV5SCID        0.0527      0.055      0.963      0.336      -0.055       0.160
PV6SCID       -0.0826      0.062     -1.325      0.186      -0.205       0.040
PV7SCID        0.0530      0.062      0.861      0.390      -0.068       0.174
PV8SCID       -0.0595      0.052     -1.137      0.256      -0.162       0.043
PV9SCID       -0.0224      0.058     -0.384      0.701      -0.137       0.092
PV10SCID      -0.0602      0.058     -1.030      0.304      -0.175       0.055
PV1SKCO       -0.0169      0.061     -0.279      0.781      -0.136       0.102
PV2SKCO        0.0127      0.052      0.246      0.806      -0.089       0.114
PV3SKCO       -0.1524      0.060     -2.557      0.011      -0.269      -0.035
PV4SKCO        0.1166      0.062      1.881      0.061      -0.005       0.238
PV5SKCO       -0.0720      0.063     -1.146      0.252      -0.195       0.051
PV6SKCO        0.0479      0.061      0.792      0.429      -0.071       0.167
PV7SKCO       -0.1491      0.062     -2.410      0.016      -0.271      -0.028
PV8SKCO       -0.0327      0.061     -0.533      0.594      -0.153       0.088
PV9SKCO        0.0023      0.052      0.044      0.965      -0.099       0.104
PV10SKCO       0.0442      0.060      0.735      0.463      -0.074       0.162
PV1SKPE       -0.0315      0.067     -0.471      0.638      -0.163       0.100
PV3SKPE        0.2341      0.067      3.498      0.001       0.103       0.366
PV4SKPE       -0.0427      0.062     -0.690      0.490      -0.164       0.079
PV5SKPE        0.0572      0.066      0.867      0.386      -0.072       0.187
PV6SKPE       -0.0777      0.065     -1.190      0.235      -0.206       0.051
PV7SKPE        0.0943      0.063      1.488      0.137      -0.030       0.219
PV8SKPE       -0.0104      0.063     -0.166      0.869      -0.133       0.113
PV10SKPE      -0.0284      0.063     -0.449      0.654      -0.153       0.096
PV2SSPH        0.0534      0.052      1.028      0.305      -0.049       0.155
PV4SSPH        0.1483      0.051      2.905      0.004       0.048       0.249
PV5SSPH       -0.0373      0.049     -0.760      0.448      -0.134       0.059
PV6SSPH       -0.0620      0.050     -1.230      0.219      -0.161       0.037
PV7SSPH        0.0076      0.052      0.146      0.884      -0.094       0.109
PV8SSPH       -0.0626      0.053     -1.182      0.238      -0.167       0.041
PV9SSPH        0.0689      0.047      1.460      0.145      -0.024       0.162
PV10SSPH       0.0441      0.054      0.821      0.412      -0.061       0.150
PV1SSLI       -0.0247      0.060     -0.412      0.680      -0.142       0.093
PV2SSLI       -0.1029      0.056     -1.846      0.065      -0.212       0.007
PV3SSLI       -0.0846      0.058     -1.457      0.146      -0.199       0.029
PV4SSLI       -0.0656      0.058     -1.132      0.258      -0.179       0.048
PV5SSLI       -0.0018      0.055     -0.033      0.974      -0.110       0.107
PV6SSLI       -0.0016      0.058     -0.027      0.978      -0.115       0.112
PV7SSLI       -0.0624      0.059     -1.059      0.290      -0.178       0.053
PV8SSLI        0.0791      0.054      1.452      0.147      -0.028       0.186
PV9SSLI        0.0385      0.056      0.690      0.490      -0.071       0.148
PV10SSLI       0.1280      0.057      2.252      0.025       0.016       0.240
PV1SSES        0.0279      0.056      0.501      0.616      -0.081       0.137
PV3SSES       -0.0481      0.052     -0.925      0.355      -0.150       0.054
PV4SSES        0.0083      0.056      0.148      0.883      -0.102       0.119
PV6SSES        0.0089      0.055      0.163      0.871      -0.099       0.117
PV7SSES        0.0666      0.053      1.246      0.213      -0.038       0.172
PV10SSES      -0.0963      0.051     -1.898      0.058      -0.196       0.003
==============================================================================
Omnibus:                        4.342   Durbin-Watson:                   1.784
Prob(Omnibus):                  0.114   Jarque-Bera (JB):                5.291
Skew:                           0.036   Prob(JB):                       0.0710
Kurtosis:                       3.454   Cond. No.                     3.18e+04
==============================================================================

Notes:
[1] Standard Errors assume that the covariance matrix of the errors is correctly specified.
[2] The condition number is large, 3.18e+04. This might indicate that there are
strong multicollinearity or other numerical problems.