                            OLS Regression Results                            
==============================================================================
Dep. Variable:                   MATH   R-squared:                       0.823
Model:                            OLS   Adj. R-squared:                  0.798
Method:                 Least Squares   F-statistic:                     33.50
Date:                Mon, 24 Apr 2023   Prob (F-statistic):          2.45e-155
Time:                        23:38:23   Log-Likelihood:                -2989.7
No. Observations:                 600   AIC:                             6127.
Df Residuals:                     526   BIC:                             6453.
Df Model:                          73                                         
Covariance Type:            nonrobust                                         
==============================================================================
                 coef    std err          t      P>|t|      [0.025      0.975]
------------------------------------------------------------------------------
Intercept     48.3032     10.625      4.546      0.000      27.430      69.176
PV2READ       -0.0037      0.042     -0.089      0.929      -0.086       0.079
PV6READ       -0.0151      0.039     -0.383      0.702      -0.092       0.062
PV7READ       -0.0230      0.044     -0.528      0.598      -0.109       0.063
PV9READ        0.0475      0.039      1.232      0.219      -0.028       0.123
PV1SCIE        0.5951      0.060      9.906      0.000       0.477       0.713
PV2SCIE        0.0578      0.065      0.895      0.371      -0.069       0.184
PV3SCIE        0.0221      0.063      0.352      0.725      -0.101       0.145
PV4SCIE       -0.0546      0.061     -0.896      0.370      -0.174       0.065
PV5SCIE       -0.0259      0.062     -0.417      0.677      -0.148       0.096
PV7SCIE        0.0837      0.064      1.318      0.188      -0.041       0.208
PV8SCIE        0.0066      0.062      0.107      0.915      -0.115       0.128
PV1SCEP       -0.0552      0.059     -0.929      0.353      -0.172       0.062
PV2SCEP        0.0902      0.060      1.495      0.136      -0.028       0.209
PV4SCEP       -0.0047      0.057     -0.083      0.934      -0.116       0.107
PV6SCEP        0.1012      0.059      1.709      0.088      -0.015       0.218
PV7SCEP       -0.0764      0.061     -1.244      0.214      -0.197       0.044
PV10SCEP      -0.0012      0.059     -0.020      0.984      -0.118       0.115
PV1SCED        0.1799      0.047      3.803      0.000       0.087       0.273
PV2SCED       -0.0323      0.053     -0.606      0.545      -0.137       0.072
PV3SCED        0.0764      0.051      1.508      0.132      -0.023       0.176
PV4SCED       -0.1277      0.051     -2.518      0.012      -0.227      -0.028
PV5SCED        0.0634      0.044      1.450      0.148      -0.022       0.149
PV6SCED       -0.0511      0.050     -1.027      0.305      -0.149       0.047
PV7SCED        0.0523      0.051      1.031      0.303      -0.047       0.152
PV8SCED       -0.0548      0.046     -1.199      0.231      -0.145       0.035
PV9SCED        0.0356      0.049      0.719      0.473      -0.062       0.133
PV1SCID       -0.0434      0.059     -0.734      0.463      -0.160       0.073
PV2SCID        0.0517      0.058      0.885      0.377      -0.063       0.167
PV3SCID       -0.0229      0.057     -0.398      0.691      -0.136       0.090
PV6SCID       -0.0875      0.062     -1.418      0.157      -0.209       0.034
PV7SCID        0.0214      0.060      0.358      0.721      -0.096       0.139
PV8SCID       -0.0558      0.051     -1.083      0.279      -0.157       0.045
PV9SCID        0.0246      0.053      0.463      0.644      -0.080       0.129
PV10SCID      -0.0405      0.056     -0.729      0.466      -0.150       0.069
PV1SKCO       -0.0012      0.059     -0.020      0.984      -0.117       0.115
PV2SKCO        0.0150      0.051      0.293      0.770      -0.086       0.116
PV3SKCO       -0.1487      0.058     -2.561      0.011      -0.263      -0.035
PV4SKCO        0.1168      0.061      1.904      0.057      -0.004       0.237
PV5SKCO       -0.0730      0.061     -1.189      0.235      -0.194       0.048
PV7SKCO       -0.1292      0.061     -2.111      0.035      -0.249      -0.009
PV8SKCO       -0.0301      0.060     -0.498      0.619      -0.149       0.089
PV9SKCO        0.0108      0.051      0.213      0.832      -0.089       0.111
PV10SKCO       0.0344      0.059      0.578      0.563      -0.082       0.151
PV1SKPE       -0.0422      0.066     -0.640      0.523      -0.172       0.087
PV3SKPE        0.2486      0.065      3.801      0.000       0.120       0.377
PV4SKPE       -0.0386      0.061     -0.630      0.529      -0.159       0.082
PV5SKPE        0.0478      0.065      0.733      0.464      -0.080       0.176
PV6SKPE       -0.0427      0.055     -0.776      0.438      -0.151       0.065
PV7SKPE        0.0860      0.062      1.392      0.165      -0.035       0.208
PV8SKPE        0.0014      0.062      0.023      0.982      -0.120       0.122
PV10SKPE      -0.0151      0.062     -0.243      0.808      -0.137       0.107
PV2SSPH        0.0705      0.051      1.372      0.171      -0.030       0.171
PV4SSPH        0.1511      0.050      2.994      0.003       0.052       0.250
PV5SSPH       -0.0263      0.049     -0.542      0.588      -0.122       0.069
PV6SSPH       -0.0706      0.048     -1.475      0.141      -0.165       0.023
PV7SSPH        0.0104      0.051      0.203      0.839      -0.090       0.111
PV8SSPH       -0.0493      0.052     -0.940      0.348      -0.152       0.054
PV9SSPH        0.0802      0.046      1.727      0.085      -0.011       0.171
PV10SSPH       0.0433      0.053      0.815      0.415      -0.061       0.147
PV1SSLI       -0.0409      0.058     -0.708      0.479      -0.154       0.073
PV2SSLI       -0.1061      0.056     -1.911      0.057      -0.215       0.003
PV4SSLI       -0.0585      0.057     -1.020      0.308      -0.171       0.054
PV5SSLI       -0.0138      0.054     -0.255      0.799      -0.120       0.093
PV7SSLI       -0.0700      0.058     -1.207      0.228      -0.184       0.044
PV8SSLI        0.0742      0.054      1.380      0.168      -0.031       0.180
PV9SSLI        0.0230      0.055      0.422      0.673      -0.084       0.130
PV10SSLI       0.1316      0.056      2.340      0.020       0.021       0.242
PV1SSES        0.0390      0.054      0.719      0.472      -0.068       0.146
PV3SSES       -0.0747      0.045     -1.647      0.100      -0.164       0.014
PV4SSES        0.0014      0.056      0.026      0.979      -0.108       0.111
PV6SSES        0.0229      0.051      0.450      0.653      -0.077       0.123
PV7SSES        0.0710      0.053      1.332      0.184      -0.034       0.176
PV10SSES      -0.0900      0.050     -1.807      0.071      -0.188       0.008
==============================================================================
Omnibus:                        2.320   Durbin-Watson:                   1.782
Prob(Omnibus):                  0.313   Jarque-Bera (JB):                2.362
Skew:                          -0.039   Prob(JB):                        0.307
Kurtosis:                       3.297   Cond. No.                     2.96e+04
==============================================================================

Notes:
[1] Standard Errors assume that the covariance matrix of the errors is correctly specified.
[2] The condition number is large, 2.96e+04. This might indicate that there are
strong multicollinearity or other numerical problems.