                            OLS Regression Results                            
==============================================================================
Dep. Variable:                   MATH   R-squared:                       0.824
Model:                            OLS   Adj. R-squared:                  0.798
Method:                 Least Squares   F-statistic:                     31.37
Date:                Mon, 24 Apr 2023   Prob (F-statistic):          1.75e-152
Time:                        23:38:18   Log-Likelihood:                -2987.1
No. Observations:                 600   AIC:                             6132.
Df Residuals:                     521   BIC:                             6480.
Df Model:                          78                                         
Covariance Type:            nonrobust                                         
==============================================================================
                 coef    std err          t      P>|t|      [0.025      0.975]
------------------------------------------------------------------------------
Intercept     46.9949     10.699      4.393      0.000      25.977      68.013
PV2READ        0.0035      0.043      0.081      0.936      -0.081       0.088
PV6READ       -0.0381      0.043     -0.882      0.378      -0.123       0.047
PV7READ       -0.0079      0.045     -0.176      0.860      -0.096       0.080
PV8READ       -0.0186      0.046     -0.406      0.685      -0.108       0.071
PV9READ        0.0519      0.043      1.212      0.226      -0.032       0.136
PV1SCIE        0.6002      0.061      9.817      0.000       0.480       0.720
PV2SCIE        0.0556      0.065      0.856      0.393      -0.072       0.183
PV3SCIE        0.0099      0.063      0.156      0.876      -0.114       0.134
PV4SCIE       -0.0599      0.061     -0.977      0.329      -0.180       0.061
PV5SCIE       -0.0337      0.063     -0.533      0.594      -0.158       0.091
PV6SCIE        0.1164      0.064      1.828      0.068      -0.009       0.241
PV7SCIE        0.0648      0.065      0.998      0.319      -0.063       0.192
PV8SCIE        0.0123      0.066      0.188      0.851      -0.116       0.141
PV9SCIE       -0.0054      0.062     -0.086      0.931      -0.128       0.117
PV1SCEP       -0.0631      0.060     -1.055      0.292      -0.181       0.054
PV2SCEP        0.0924      0.061      1.522      0.129      -0.027       0.212
PV3SCEP       -0.0157      0.057     -0.275      0.784      -0.128       0.096
PV4SCEP       -0.0133      0.057     -0.231      0.817      -0.126       0.099
PV6SCEP        0.1016      0.060      1.701      0.089      -0.016       0.219
PV7SCEP       -0.0859      0.062     -1.378      0.169      -0.208       0.037
PV10SCEP      -0.0113      0.061     -0.184      0.854      -0.132       0.109
PV1SCED        0.1760      0.048      3.662      0.000       0.082       0.270
PV2SCED       -0.0276      0.054     -0.515      0.607      -0.133       0.078
PV3SCED        0.0787      0.052      1.503      0.133      -0.024       0.182
PV4SCED       -0.1285      0.051     -2.513      0.012      -0.229      -0.028
PV5SCED        0.0561      0.044      1.271      0.204      -0.031       0.143
PV6SCED       -0.0572      0.051     -1.132      0.258      -0.156       0.042
PV7SCED        0.0496      0.052      0.959      0.338      -0.052       0.151
PV8SCED       -0.0529      0.046     -1.153      0.249      -0.143       0.037
PV9SCED        0.0350      0.050      0.707      0.480      -0.062       0.132
PV10SCED       0.0407      0.051      0.798      0.425      -0.059       0.141
PV1SCID       -0.0371      0.060     -0.619      0.536      -0.155       0.081
PV2SCID        0.0493      0.059      0.839      0.402      -0.066       0.165
PV3SCID       -0.0128      0.062     -0.207      0.836      -0.135       0.109
PV6SCID       -0.0811      0.062     -1.307      0.192      -0.203       0.041
PV7SCID        0.0391      0.061      0.643      0.521      -0.080       0.159
PV8SCID       -0.0614      0.052     -1.183      0.237      -0.164       0.041
PV9SCID        0.0205      0.054      0.384      0.701      -0.085       0.126
PV10SCID      -0.0588      0.058     -1.016      0.310      -0.173       0.055
PV1SKCO        0.0011      0.060      0.019      0.985      -0.116       0.118
PV2SKCO        0.0141      0.052      0.272      0.786      -0.087       0.116
PV3SKCO       -0.1519      0.059     -2.593      0.010      -0.267      -0.037
PV4SKCO        0.1187      0.062      1.918      0.056      -0.003       0.240
PV5SKCO       -0.0652      0.062     -1.046      0.296      -0.188       0.057
PV7SKCO       -0.1313      0.061     -2.142      0.033      -0.252      -0.011
PV8SKCO       -0.0224      0.061     -0.369      0.712      -0.142       0.097
PV9SKCO        0.0105      0.051      0.206      0.837      -0.090       0.111
PV10SKCO       0.0429      0.060      0.715      0.475      -0.075       0.161
PV1SKPE       -0.0407      0.067     -0.611      0.541      -0.171       0.090
PV3SKPE        0.2395      0.066      3.631      0.000       0.110       0.369
PV4SKPE       -0.0418      0.062     -0.676      0.499      -0.163       0.080
PV5SKPE        0.0443      0.066      0.674      0.500      -0.085       0.173
PV6SKPE       -0.0472      0.055     -0.856      0.392      -0.156       0.061
PV7SKPE        0.0893      0.062      1.436      0.152      -0.033       0.211
PV8SKPE       -0.0140      0.062     -0.224      0.822      -0.137       0.109
PV10SKPE      -0.0261      0.063     -0.414      0.679      -0.150       0.098
PV2SSPH        0.0606      0.052      1.170      0.242      -0.041       0.162
PV4SSPH        0.1479      0.051      2.916      0.004       0.048       0.248
PV5SSPH       -0.0312      0.049     -0.637      0.524      -0.127       0.065
PV6SSPH       -0.0694      0.048     -1.445      0.149      -0.164       0.025
PV7SSPH        0.0091      0.051      0.177      0.859      -0.092       0.110
PV8SSPH       -0.0494      0.053     -0.935      0.350      -0.153       0.054
PV9SSPH        0.0778      0.047      1.660      0.097      -0.014       0.170
PV10SSPH       0.0473      0.053      0.886      0.376      -0.058       0.152
PV1SSLI       -0.0377      0.058     -0.647      0.518      -0.152       0.077
PV2SSLI       -0.1033      0.056     -1.854      0.064      -0.213       0.006
PV4SSLI       -0.0673      0.058     -1.167      0.244      -0.181       0.046
PV5SSLI       -0.0140      0.054     -0.258      0.797      -0.121       0.093
PV7SSLI       -0.0717      0.058     -1.233      0.218      -0.186       0.043
PV8SSLI        0.0717      0.054      1.326      0.186      -0.035       0.178
PV9SSLI        0.0215      0.055      0.391      0.696      -0.087       0.130
PV10SSLI       0.1292      0.057      2.277      0.023       0.018       0.241
PV1SSES        0.0355      0.055      0.649      0.516      -0.072       0.143
PV3SSES       -0.0831      0.046     -1.811      0.071      -0.173       0.007
PV4SSES        0.0101      0.056      0.180      0.857      -0.100       0.120
PV6SSES        0.0216      0.052      0.418      0.676      -0.080       0.123
PV7SSES        0.0754      0.053      1.411      0.159      -0.030       0.180
PV10SSES      -0.0891      0.051     -1.757      0.079      -0.189       0.011
==============================================================================
Omnibus:                        3.625   Durbin-Watson:                   1.792
Prob(Omnibus):                  0.163   Jarque-Bera (JB):                4.250
Skew:                          -0.010   Prob(JB):                        0.119
Kurtosis:                       3.412   Cond. No.                     3.08e+04
==============================================================================

Notes:
[1] Standard Errors assume that the covariance matrix of the errors is correctly specified.
[2] The condition number is large, 3.08e+04. This might indicate that there are
strong multicollinearity or other numerical problems.