                            OLS Regression Results                            
==============================================================================
Dep. Variable:                   MATH   R-squared:                       0.823
Model:                            OLS   Adj. R-squared:                  0.799
Method:                 Least Squares   F-statistic:                     34.49
Date:                Mon, 24 Apr 2023   Prob (F-statistic):          1.16e-156
Time:                        23:38:25   Log-Likelihood:                -2990.3
No. Observations:                 600   AIC:                             6125.
Df Residuals:                     528   BIC:                             6441.
Df Model:                          71                                         
Covariance Type:            nonrobust                                         
==============================================================================
                 coef    std err          t      P>|t|      [0.025      0.975]
------------------------------------------------------------------------------
Intercept     48.1758     10.602      4.544      0.000      27.349      69.003
PV2READ       -0.0048      0.042     -0.116      0.907      -0.086       0.077
PV7READ       -0.0241      0.043     -0.562      0.575      -0.108       0.060
PV9READ        0.0438      0.038      1.160      0.247      -0.030       0.118
PV1SCIE        0.5976      0.060      9.968      0.000       0.480       0.715
PV2SCIE        0.0582      0.064      0.904      0.367      -0.068       0.185
PV3SCIE        0.0219      0.063      0.350      0.726      -0.101       0.145
PV4SCIE       -0.0555      0.061     -0.915      0.361      -0.175       0.064
PV5SCIE       -0.0315      0.062     -0.509      0.611      -0.153       0.090
PV7SCIE        0.0833      0.063      1.313      0.190      -0.041       0.208
PV8SCIE        0.0049      0.062      0.080      0.936      -0.116       0.126
PV2SCEP        0.0846      0.060      1.409      0.159      -0.033       0.202
PV4SCEP       -0.0116      0.056     -0.207      0.836      -0.122       0.099
PV6SCEP        0.0980      0.059      1.657      0.098      -0.018       0.214
PV7SCEP       -0.0761      0.061     -1.245      0.214      -0.196       0.044
PV10SCEP      -0.0074      0.059     -0.127      0.899      -0.123       0.108
PV1SCED        0.1666      0.045      3.676      0.000       0.078       0.256
PV2SCED       -0.0307      0.053     -0.576      0.565      -0.135       0.074
PV3SCED        0.0770      0.051      1.522      0.129      -0.022       0.176
PV4SCED       -0.1226      0.050     -2.435      0.015      -0.222      -0.024
PV5SCED        0.0643      0.044      1.474      0.141      -0.021       0.150
PV6SCED       -0.0508      0.050     -1.022      0.307      -0.148       0.047
PV7SCED        0.0500      0.051      0.986      0.324      -0.050       0.150
PV8SCED       -0.0544      0.046     -1.193      0.233      -0.144       0.035
PV9SCED        0.0347      0.049      0.709      0.479      -0.061       0.131
PV1SCID       -0.0622      0.055     -1.124      0.261      -0.171       0.047
PV2SCID        0.0490      0.058      0.841      0.401      -0.065       0.163
PV3SCID       -0.0208      0.057     -0.362      0.717      -0.133       0.092
PV6SCID       -0.0839      0.061     -1.364      0.173      -0.205       0.037
PV7SCID        0.0202      0.060      0.339      0.735      -0.097       0.138
PV8SCID       -0.0571      0.051     -1.111      0.267      -0.158       0.044
PV9SCID        0.0263      0.053      0.494      0.621      -0.078       0.131
PV10SCID      -0.0345      0.055     -0.626      0.531      -0.143       0.074
PV1SKCO       -0.0024      0.059     -0.041      0.968      -0.118       0.113
PV2SKCO        0.0127      0.051      0.248      0.804      -0.088       0.113
PV3SKCO       -0.1455      0.058     -2.515      0.012      -0.259      -0.032
PV4SKCO        0.1114      0.061      1.826      0.068      -0.008       0.231
PV5SKCO       -0.0721      0.061     -1.177      0.240      -0.192       0.048
PV7SKCO       -0.1348      0.061     -2.216      0.027      -0.254      -0.015
PV8SKCO       -0.0311      0.060     -0.515      0.606      -0.150       0.087
PV9SKCO        0.0100      0.051      0.196      0.844      -0.090       0.110
PV10SKCO       0.0349      0.059      0.589      0.556      -0.082       0.152
PV1SKPE       -0.0399      0.066     -0.605      0.546      -0.169       0.090
PV3SKPE        0.2443      0.065      3.746      0.000       0.116       0.372
PV4SKPE       -0.0331      0.061     -0.543      0.587      -0.153       0.087
PV5SKPE        0.0460      0.065      0.706      0.480      -0.082       0.174
PV6SKPE       -0.0407      0.055     -0.742      0.458      -0.149       0.067
PV7SKPE        0.0897      0.062      1.455      0.146      -0.031       0.211
PV8SKPE       -0.0007      0.061     -0.011      0.991      -0.121       0.120
PV10SKPE      -0.0157      0.062     -0.253      0.800      -0.138       0.106
PV2SSPH        0.0667      0.051      1.305      0.193      -0.034       0.167
PV4SSPH        0.1514      0.050      3.008      0.003       0.053       0.250
PV5SSPH       -0.0258      0.049     -0.531      0.596      -0.121       0.070
PV6SSPH       -0.0677      0.048     -1.419      0.156      -0.161       0.026
PV7SSPH        0.0105      0.051      0.206      0.837      -0.090       0.111
PV8SSPH       -0.0453      0.052     -0.867      0.387      -0.148       0.057
PV9SSPH        0.0770      0.046      1.663      0.097      -0.014       0.168
PV10SSPH       0.0460      0.053      0.869      0.385      -0.058       0.150
PV1SSLI       -0.0378      0.057     -0.659      0.510      -0.150       0.075
PV2SSLI       -0.1064      0.055     -1.920      0.055      -0.215       0.002
PV4SSLI       -0.0585      0.057     -1.026      0.306      -0.170       0.053
PV5SSLI       -0.0174      0.054     -0.323      0.747      -0.123       0.089
PV7SSLI       -0.0721      0.058     -1.248      0.213      -0.186       0.041
PV8SSLI        0.0692      0.053      1.294      0.196      -0.036       0.174
PV9SSLI        0.0189      0.054      0.348      0.728      -0.088       0.125
PV10SSLI       0.1314      0.056      2.340      0.020       0.021       0.242
PV1SSES        0.0345      0.054      0.644      0.520      -0.071       0.140
PV3SSES       -0.0753      0.045     -1.669      0.096      -0.164       0.013
PV4SSES        0.0052      0.055      0.094      0.925      -0.104       0.114
PV6SSES        0.0194      0.051      0.383      0.702      -0.080       0.119
PV7SSES        0.0727      0.053      1.365      0.173      -0.032       0.177
PV10SSES      -0.0901      0.050     -1.812      0.071      -0.188       0.008
==============================================================================
Omnibus:                        2.162   Durbin-Watson:                   1.786
Prob(Omnibus):                  0.339   Jarque-Bera (JB):                2.150
Skew:                          -0.044   Prob(JB):                        0.341
Kurtosis:                       3.280   Cond. No.                     2.91e+04
==============================================================================

Notes:
[1] Standard Errors assume that the covariance matrix of the errors is correctly specified.
[2] The condition number is large, 2.91e+04. This might indicate that there are
strong multicollinearity or other numerical problems.