                            OLS Regression Results                            
==============================================================================
Dep. Variable:                   MATH   R-squared:                       0.817
Model:                            OLS   Adj. R-squared:                  0.798
Method:                 Least Squares   F-statistic:                     43.33
Date:                Mon, 24 Apr 2023   Prob (F-statistic):          3.78e-165
Time:                        23:38:36   Log-Likelihood:                -2999.4
No. Observations:                 600   AIC:                             6113.
Df Residuals:                     543   BIC:                             6363.
Df Model:                          56                                         
Covariance Type:            nonrobust                                         
==============================================================================
                 coef    std err          t      P>|t|      [0.025      0.975]
------------------------------------------------------------------------------
Intercept     47.7883     10.372      4.607      0.000      27.414      68.162
PV2READ        0.0049      0.038      0.130      0.897      -0.069       0.079
PV7READ       -0.0005      0.041     -0.013      0.990      -0.081       0.080
PV1SCIE        0.5958      0.059     10.022      0.000       0.479       0.713
PV3SCIE        0.0084      0.062      0.135      0.892      -0.113       0.130
PV5SCIE       -0.0363      0.061     -0.599      0.549      -0.155       0.083
PV7SCIE        0.0818      0.063      1.306      0.192      -0.041       0.205
PV8SCIE       -0.0093      0.061     -0.153      0.878      -0.128       0.110
PV2SCEP        0.0844      0.059      1.435      0.152      -0.031       0.200
PV6SCEP        0.0480      0.054      0.889      0.375      -0.058       0.154
PV7SCEP       -0.0644      0.059     -1.084      0.279      -0.181       0.052
PV10SCEP      -0.0060      0.058     -0.103      0.918      -0.120       0.108
PV1SCED        0.1789      0.044      4.063      0.000       0.092       0.265
PV2SCED       -0.0411      0.052     -0.793      0.428      -0.143       0.061
PV4SCED       -0.1354      0.046     -2.962      0.003      -0.225      -0.046
PV5SCED        0.0574      0.043      1.346      0.179      -0.026       0.141
PV6SCED       -0.0581      0.045     -1.279      0.202      -0.147       0.031
PV7SCED        0.0572      0.049      1.164      0.245      -0.039       0.154
PV9SCED        0.0427      0.048      0.881      0.378      -0.053       0.138
PV1SCID       -0.0677      0.054     -1.263      0.207      -0.173       0.038
PV2SCID        0.0431      0.057      0.753      0.452      -0.069       0.156
PV3SCID        0.0012      0.049      0.024      0.981      -0.094       0.097
PV7SCID       -0.0118      0.058     -0.203      0.839      -0.126       0.102
PV8SCID       -0.0773      0.046     -1.666      0.096      -0.168       0.014
PV9SCID        0.0134      0.053      0.255      0.799      -0.090       0.117
PV10SCID      -0.0256      0.054     -0.471      0.638      -0.132       0.081
PV2SKCO        0.0093      0.050      0.187      0.851      -0.088       0.107
PV3SKCO       -0.1634      0.057     -2.881      0.004      -0.275      -0.052
PV4SKCO        0.1006      0.060      1.684      0.093      -0.017       0.218
PV5SKCO       -0.0623      0.050     -1.253      0.211      -0.160       0.035
PV7SKCO       -0.1066      0.059     -1.803      0.072      -0.223       0.010
PV8SKCO       -0.0231      0.059     -0.392      0.695      -0.139       0.093
PV9SKCO        0.0160      0.049      0.324      0.746      -0.081       0.113
PV10SKCO       0.0159      0.048      0.330      0.741      -0.079       0.111
PV3SKPE        0.2519      0.063      3.967      0.000       0.127       0.377
PV4SKPE       -0.0368      0.060     -0.613      0.540      -0.155       0.081
PV6SKPE       -0.0304      0.054     -0.564      0.573      -0.136       0.076
PV7SKPE        0.0669      0.060      1.120      0.263      -0.050       0.184
PV8SKPE       -0.0091      0.060     -0.152      0.879      -0.127       0.109
PV2SSPH        0.0784      0.050      1.566      0.118      -0.020       0.177
PV4SSPH        0.1446      0.049      2.934      0.003       0.048       0.241
PV6SSPH       -0.0518      0.047     -1.113      0.266      -0.143       0.040
PV7SSPH        0.0151      0.050      0.305      0.761      -0.082       0.113
PV10SSPH       0.0463      0.052      0.894      0.372      -0.055       0.148
PV1SSLI       -0.0335      0.056     -0.598      0.550      -0.143       0.077
PV2SSLI       -0.0980      0.054     -1.817      0.070      -0.204       0.008
PV4SSLI       -0.0636      0.056     -1.141      0.254      -0.173       0.046
PV5SSLI       -0.0306      0.048     -0.638      0.523      -0.125       0.064
PV7SSLI       -0.0769      0.056     -1.366      0.173      -0.188       0.034
PV8SSLI        0.0540      0.045      1.210      0.227      -0.034       0.142
PV9SSLI        0.0555      0.048      1.162      0.246      -0.038       0.149
PV10SSLI       0.1282      0.055      2.326      0.020       0.020       0.236
PV1SSES        0.0120      0.052      0.231      0.817      -0.090       0.114
PV4SSES        0.0189      0.054      0.347      0.729      -0.088       0.126
PV6SSES        0.0074      0.050      0.149      0.882      -0.090       0.105
PV7SSES        0.0669      0.052      1.285      0.199      -0.035       0.169
PV10SSES      -0.0937      0.049     -1.921      0.055      -0.189       0.002
==============================================================================
Omnibus:                        1.406   Durbin-Watson:                   1.823
Prob(Omnibus):                  0.495   Jarque-Bera (JB):                1.282
Skew:                           0.007   Prob(JB):                        0.527
Kurtosis:                       3.226   Cond. No.                     2.53e+04
==============================================================================

Notes:
[1] Standard Errors assume that the covariance matrix of the errors is correctly specified.
[2] The condition number is large, 2.53e+04. This might indicate that there are
strong multicollinearity or other numerical problems.