                            OLS Regression Results                            
==============================================================================
Dep. Variable:                   MATH   R-squared:                       0.829
Model:                            OLS   Adj. R-squared:                  0.799
Method:                 Least Squares   F-statistic:                     27.47
Date:                Mon, 24 Apr 2023   Prob (F-statistic):          1.22e-146
Time:                        23:38:05   Log-Likelihood:                -2978.8
No. Observations:                 600   AIC:                             6140.
Df Residuals:                     509   BIC:                             6540.
Df Model:                          90                                         
Covariance Type:            nonrobust                                         
==============================================================================
                 coef    std err          t      P>|t|      [0.025      0.975]
------------------------------------------------------------------------------
Intercept     47.6114     10.970      4.340      0.000      26.060      69.163
PV1READ        0.0523      0.047      1.123      0.262      -0.039       0.144
PV2READ       -0.0219      0.044     -0.492      0.623      -0.109       0.065
PV3READ       -0.0011      0.049     -0.023      0.982      -0.098       0.096
PV4READ        0.0205      0.047      0.440      0.660      -0.071       0.112
PV5READ        0.0493      0.048      1.037      0.300      -0.044       0.143
PV6READ       -0.0585      0.046     -1.265      0.207      -0.149       0.032
PV7READ       -0.0155      0.047     -0.332      0.740      -0.107       0.076
PV8READ       -0.0527      0.048     -1.095      0.274      -0.147       0.042
PV9READ        0.0399      0.045      0.896      0.370      -0.048       0.127
PV1SCIE        0.5730      0.067      8.579      0.000       0.442       0.704
PV2SCIE        0.0811      0.067      1.218      0.224      -0.050       0.212
PV3SCIE        0.0147      0.072      0.203      0.839      -0.127       0.157
PV4SCIE       -0.0777      0.066     -1.174      0.241      -0.208       0.052
PV5SCIE       -0.0634      0.070     -0.903      0.367      -0.201       0.075
PV6SCIE        0.1190      0.065      1.836      0.067      -0.008       0.246
PV7SCIE        0.0701      0.066      1.061      0.289      -0.060       0.200
PV8SCIE        0.0323      0.067      0.483      0.629      -0.099       0.163
PV9SCIE       -0.0156      0.063     -0.247      0.805      -0.140       0.108
PV1SCEP       -0.0683      0.061     -1.120      0.263      -0.188       0.052
PV2SCEP        0.1112      0.062      1.786      0.075      -0.011       0.234
PV3SCEP       -0.0136      0.058     -0.234      0.815      -0.128       0.101
PV4SCEP       -0.0100      0.061     -0.164      0.870      -0.130       0.110
PV5SCEP       -0.0858      0.068     -1.257      0.209      -0.220       0.048
PV6SCEP        0.1084      0.061      1.786      0.075      -0.011       0.228
PV7SCEP       -0.0919      0.064     -1.435      0.152      -0.218       0.034
PV9SCEP        0.1211      0.063      1.935      0.054      -0.002       0.244
PV10SCEP      -0.0129      0.062     -0.208      0.835      -0.135       0.109
PV1SCED        0.1665      0.049      3.390      0.001       0.070       0.263
PV2SCED       -0.0228      0.054     -0.420      0.675      -0.129       0.084
PV3SCED        0.0572      0.053      1.081      0.280      -0.047       0.161
PV4SCED       -0.1066      0.055     -1.947      0.052      -0.214       0.001
PV5SCED        0.0845      0.055      1.523      0.128      -0.025       0.194
PV6SCED       -0.0577      0.051     -1.123      0.262      -0.159       0.043
PV7SCED        0.0437      0.052      0.833      0.405      -0.059       0.147
PV8SCED       -0.0430      0.048     -0.904      0.366      -0.136       0.050
PV9SCED        0.0099      0.053      0.187      0.852      -0.094       0.113
PV10SCED       0.0468      0.052      0.896      0.371      -0.056       0.150
PV1SCID       -0.0385      0.061     -0.629      0.529      -0.159       0.082
PV2SCID        0.0294      0.060      0.494      0.622      -0.088       0.147
PV3SCID        0.0033      0.063      0.053      0.958      -0.120       0.127
PV4SCID       -0.0189      0.057     -0.333      0.739      -0.131       0.093
PV5SCID        0.0762      0.060      1.263      0.207      -0.042       0.195
PV6SCID       -0.0920      0.063     -1.455      0.146      -0.216       0.032
PV7SCID        0.0505      0.062      0.809      0.419      -0.072       0.173
PV8SCID       -0.0485      0.053     -0.908      0.364      -0.153       0.056
PV9SCID       -0.0338      0.059     -0.568      0.570      -0.150       0.083
PV10SCID      -0.0600      0.059     -1.017      0.309      -0.176       0.056
PV1SKCO       -0.0244      0.061     -0.398      0.691      -0.145       0.096
PV2SKCO        0.0153      0.052      0.295      0.768      -0.087       0.117
PV3SKCO       -0.1596      0.060     -2.639      0.009      -0.278      -0.041
PV4SKCO        0.1184      0.063      1.879      0.061      -0.005       0.242
PV5SKCO       -0.0600      0.063     -0.946      0.345      -0.185       0.065
PV6SKCO        0.0634      0.061      1.034      0.302      -0.057       0.184
PV7SKCO       -0.1592      0.062     -2.559      0.011      -0.281      -0.037
PV8SKCO       -0.0271      0.062     -0.441      0.660      -0.148       0.094
PV9SKCO        0.0040      0.052      0.077      0.939      -0.098       0.106
PV10SKCO       0.0506      0.061      0.834      0.405      -0.069       0.170
PV1SKPE       -0.0124      0.068     -0.183      0.855      -0.146       0.121
PV3SKPE        0.2333      0.068      3.423      0.001       0.099       0.367
PV4SKPE       -0.0421      0.063     -0.669      0.504      -0.166       0.081
PV5SKPE        0.0598      0.066      0.902      0.368      -0.070       0.190
PV6SKPE       -0.0848      0.066     -1.286      0.199      -0.214       0.045
PV7SKPE        0.1004      0.064      1.563      0.119      -0.026       0.227
PV8SKPE     8.076e-05      0.063      0.001      0.999      -0.124       0.124
PV10SKPE      -0.0327      0.064     -0.510      0.610      -0.159       0.093
PV2SSPH        0.0684      0.054      1.256      0.210      -0.039       0.175
PV4SSPH        0.1517      0.052      2.934      0.003       0.050       0.253
PV5SSPH       -0.0452      0.049     -0.914      0.361      -0.142       0.052
PV6SSPH       -0.0545      0.051     -1.073      0.284      -0.154       0.045
PV7SSPH        0.0035      0.052      0.068      0.946      -0.098       0.105
PV8SSPH       -0.0544      0.053     -1.018      0.309      -0.159       0.051
PV9SSPH        0.0658      0.047      1.386      0.166      -0.027       0.159
PV10SSPH       0.0429      0.054      0.796      0.426      -0.063       0.149
PV1SSLI       -0.0137      0.061     -0.224      0.823      -0.134       0.107
PV2SSLI       -0.0880      0.060     -1.476      0.140      -0.205       0.029
PV3SSLI       -0.0930      0.058     -1.591      0.112      -0.208       0.022
PV4SSLI       -0.0625      0.058     -1.073      0.284      -0.177       0.052
PV5SSLI        0.0082      0.056      0.147      0.883      -0.102       0.119
PV6SSLI       -0.0002      0.058     -0.003      0.998      -0.114       0.114
PV7SSLI       -0.0727      0.060     -1.218      0.224      -0.190       0.045
PV8SSLI        0.0656      0.055      1.194      0.233      -0.042       0.174
PV9SSLI        0.0358      0.056      0.639      0.523      -0.074       0.146
PV10SSLI       0.1198      0.058      2.076      0.038       0.006       0.233
PV1SSES        0.0340      0.056      0.608      0.543      -0.076       0.144
PV2SSES       -0.0655      0.056     -1.165      0.245      -0.176       0.045
PV3SSES       -0.0401      0.053     -0.759      0.448      -0.144       0.064
PV4SSES       -0.0044      0.057     -0.077      0.939      -0.116       0.107
PV6SSES        0.0079      0.055      0.142      0.887      -0.101       0.117
PV7SSES        0.0820      0.054      1.504      0.133      -0.025       0.189
PV10SSES      -0.0907      0.052     -1.749      0.081      -0.193       0.011
==============================================================================
Omnibus:                        5.297   Durbin-Watson:                   1.809
Prob(Omnibus):                  0.071   Jarque-Bera (JB):                6.883
Skew:                           0.033   Prob(JB):                       0.0320
Kurtosis:                       3.520   Cond. No.                     3.40e+04
==============================================================================

Notes:
[1] Standard Errors assume that the covariance matrix of the errors is correctly specified.
[2] The condition number is large, 3.4e+04. This might indicate that there are
strong multicollinearity or other numerical problems.