                            OLS Regression Results                            
==============================================================================
Dep. Variable:                   MATH   R-squared:                       0.828
Model:                            OLS   Adj. R-squared:                  0.799
Method:                 Least Squares   F-statistic:                     28.42
Date:                Mon, 24 Apr 2023   Prob (F-statistic):          2.71e-148
Time:                        23:38:09   Log-Likelihood:                -2980.3
No. Observations:                 600   AIC:                             6137.
Df Residuals:                     512   BIC:                             6523.
Df Model:                          87                                         
Covariance Type:            nonrobust                                         
==============================================================================
                 coef    std err          t      P>|t|      [0.025      0.975]
------------------------------------------------------------------------------
Intercept     47.0568     10.829      4.345      0.000      25.782      68.332
PV1READ        0.0630      0.046      1.384      0.167      -0.026       0.152
PV2READ       -0.0123      0.044     -0.281      0.779      -0.098       0.074
PV3READ        0.0088      0.048      0.184      0.854      -0.086       0.103
PV6READ       -0.0534      0.046     -1.159      0.247      -0.144       0.037
PV7READ       -0.0080      0.046     -0.173      0.862      -0.098       0.082
PV8READ       -0.0453      0.047     -0.957      0.339      -0.138       0.048
PV9READ        0.0449      0.044      1.021      0.308      -0.041       0.131
PV1SCIE        0.5701      0.067      8.566      0.000       0.439       0.701
PV2SCIE        0.0678      0.066      1.029      0.304      -0.062       0.197
PV3SCIE        0.0008      0.072      0.012      0.991      -0.140       0.142
PV4SCIE       -0.0609      0.061     -0.993      0.321      -0.182       0.060
PV5SCIE       -0.0379      0.064     -0.593      0.553      -0.164       0.088
PV6SCIE        0.1222      0.065      1.891      0.059      -0.005       0.249
PV7SCIE        0.0750      0.066      1.142      0.254      -0.054       0.204
PV8SCIE        0.0338      0.067      0.507      0.612      -0.097       0.165
PV9SCIE       -0.0110      0.063     -0.175      0.861      -0.135       0.113
PV1SCEP       -0.0690      0.061     -1.137      0.256      -0.188       0.050
PV2SCEP        0.1074      0.062      1.727      0.085      -0.015       0.230
PV3SCEP       -0.0204      0.058     -0.352      0.725      -0.134       0.094
PV4SCEP       -0.0041      0.061     -0.068      0.946      -0.124       0.115
PV5SCEP       -0.0965      0.068     -1.426      0.154      -0.229       0.036
PV6SCEP        0.1112      0.060      1.839      0.066      -0.008       0.230
PV7SCEP       -0.0992      0.064     -1.555      0.121      -0.224       0.026
PV9SCEP        0.1197      0.062      1.925      0.055      -0.002       0.242
PV10SCEP      -0.0169      0.062     -0.274      0.784      -0.138       0.104
PV1SCED        0.1691      0.049      3.471      0.001       0.073       0.265
PV2SCED       -0.0253      0.054     -0.468      0.640      -0.132       0.081
PV3SCED        0.0625      0.053      1.186      0.236      -0.041       0.166
PV4SCED       -0.1095      0.055     -2.003      0.046      -0.217      -0.002
PV5SCED        0.0811      0.055      1.464      0.144      -0.028       0.190
PV6SCED       -0.0545      0.051     -1.066      0.287      -0.155       0.046
PV7SCED        0.0513      0.052      0.985      0.325      -0.051       0.154
PV8SCED       -0.0431      0.047     -0.913      0.362      -0.136       0.050
PV9SCED        0.0082      0.052      0.157      0.875      -0.094       0.110
PV10SCED       0.0451      0.052      0.866      0.387      -0.057       0.147
PV1SCID       -0.0372      0.061     -0.609      0.543      -0.157       0.083
PV2SCID        0.0335      0.060      0.563      0.574      -0.083       0.150
PV3SCID       -0.0001      0.063     -0.002      0.999      -0.123       0.123
PV4SCID       -0.0239      0.057     -0.422      0.674      -0.135       0.087
PV5SCID        0.0876      0.060      1.464      0.144      -0.030       0.205
PV6SCID       -0.0999      0.063     -1.587      0.113      -0.224       0.024
PV7SCID        0.0536      0.062      0.865      0.388      -0.068       0.175
PV8SCID       -0.0566      0.053     -1.070      0.285      -0.161       0.047
PV9SCID       -0.0332      0.059     -0.560      0.576      -0.150       0.083
PV10SCID      -0.0612      0.059     -1.046      0.296      -0.176       0.054
PV1SKCO       -0.0257      0.061     -0.423      0.673      -0.145       0.094
PV2SKCO        0.0161      0.052      0.310      0.757      -0.086       0.118
PV3SKCO       -0.1526      0.060     -2.532      0.012      -0.271      -0.034
PV4SKCO        0.1252      0.063      1.996      0.046       0.002       0.248
PV5SKCO       -0.0618      0.063     -0.977      0.329      -0.186       0.062
PV6SKCO        0.0628      0.061      1.028      0.304      -0.057       0.183
PV7SKCO       -0.1559      0.062     -2.512      0.012      -0.278      -0.034
PV8SKCO       -0.0309      0.061     -0.502      0.616      -0.152       0.090
PV9SKCO        0.0031      0.052      0.060      0.952      -0.098       0.105
PV10SKCO       0.0455      0.060      0.753      0.452      -0.073       0.164
PV1SKPE       -0.0133      0.068     -0.196      0.844      -0.146       0.120
PV3SKPE        0.2362      0.068      3.470      0.001       0.102       0.370
PV4SKPE       -0.0492      0.062     -0.789      0.430      -0.172       0.073
PV5SKPE        0.0583      0.066      0.881      0.379      -0.072       0.188
PV6SKPE       -0.0863      0.066     -1.315      0.189      -0.215       0.043
PV7SKPE        0.0998      0.064      1.559      0.120      -0.026       0.225
PV8SKPE       -0.0064      0.063     -0.103      0.918      -0.129       0.117
PV10SKPE      -0.0342      0.064     -0.536      0.592      -0.159       0.091
PV2SSPH        0.0503      0.052      0.967      0.334      -0.052       0.153
PV4SSPH        0.1559      0.051      3.029      0.003       0.055       0.257
PV5SSPH       -0.0407      0.049     -0.826      0.409      -0.138       0.056
PV6SSPH       -0.0606      0.051     -1.199      0.231      -0.160       0.039
PV7SSPH        0.0064      0.052      0.123      0.902      -0.095       0.108
PV8SSPH       -0.0549      0.053     -1.032      0.303      -0.160       0.050
PV9SSPH        0.0677      0.047      1.430      0.153      -0.025       0.161
PV10SSPH       0.0455      0.054      0.845      0.398      -0.060       0.151
PV1SSLI       -0.0286      0.060     -0.475      0.635      -0.147       0.090
PV2SSLI       -0.1085      0.056     -1.930      0.054      -0.219       0.002
PV3SSLI       -0.0876      0.058     -1.505      0.133      -0.202       0.027
PV4SSLI       -0.0665      0.058     -1.145      0.253      -0.180       0.048
PV5SSLI        0.0088      0.056      0.158      0.875      -0.101       0.119
PV6SSLI        0.0038      0.058      0.065      0.948      -0.110       0.117
PV7SSLI       -0.0593      0.059     -1.005      0.315      -0.175       0.057
PV8SSLI        0.0670      0.055      1.222      0.222      -0.041       0.175
PV9SSLI        0.0388      0.056      0.695      0.488      -0.071       0.148
PV10SSLI       0.1280      0.057      2.233      0.026       0.015       0.241
PV1SSES        0.0358      0.056      0.640      0.522      -0.074       0.146
PV3SSES       -0.0484      0.052     -0.925      0.356      -0.151       0.054
PV4SSES       -0.0029      0.057     -0.051      0.960      -0.114       0.109
PV6SSES        0.0090      0.055      0.162      0.871      -0.100       0.118
PV7SSES        0.0664      0.054      1.241      0.215      -0.039       0.172
PV10SSES      -0.0987      0.051     -1.927      0.055      -0.199       0.002
==============================================================================
Omnibus:                        5.686   Durbin-Watson:                   1.806
Prob(Omnibus):                  0.058   Jarque-Bera (JB):                7.564
Skew:                           0.033   Prob(JB):                       0.0228
Kurtosis:                       3.546   Cond. No.                     3.30e+04
==============================================================================

Notes:
[1] Standard Errors assume that the covariance matrix of the errors is correctly specified.
[2] The condition number is large, 3.3e+04. This might indicate that there are
strong multicollinearity or other numerical problems.