                            OLS Regression Results                            
==============================================================================
Dep. Variable:                   MATH   R-squared:                       0.823
Model:                            OLS   Adj. R-squared:                  0.798
Method:                 Least Squares   F-statistic:                     32.51
Date:                Mon, 24 Apr 2023   Prob (F-statistic):          6.86e-154
Time:                        23:38:21   Log-Likelihood:                -2989.5
No. Observations:                 600   AIC:                             6131.
Df Residuals:                     524   BIC:                             6465.
Df Model:                          75                                         
Covariance Type:            nonrobust                                         
==============================================================================
                 coef    std err          t      P>|t|      [0.025      0.975]
------------------------------------------------------------------------------
Intercept     48.4640     10.646      4.552      0.000      27.551      69.377
PV2READ        0.0019      0.043      0.044      0.965      -0.083       0.086
PV6READ       -0.0104      0.040     -0.258      0.796      -0.090       0.069
PV7READ       -0.0186      0.044     -0.419      0.676      -0.106       0.069
PV8READ       -0.0275      0.046     -0.604      0.546      -0.117       0.062
PV9READ        0.0544      0.043      1.275      0.203      -0.029       0.138
PV1SCIE        0.5969      0.061      9.807      0.000       0.477       0.716
PV2SCIE        0.0536      0.065      0.825      0.410      -0.074       0.181
PV3SCIE        0.0211      0.063      0.335      0.738      -0.103       0.145
PV4SCIE       -0.0554      0.061     -0.904      0.366      -0.176       0.065
PV5SCIE       -0.0260      0.062     -0.416      0.677      -0.149       0.097
PV7SCIE        0.0813      0.064      1.273      0.203      -0.044       0.207
PV8SCIE        0.0196      0.065      0.300      0.764      -0.109       0.148
PV9SCIE       -0.0091      0.062     -0.147      0.883      -0.131       0.113
PV1SCEP       -0.0578      0.060     -0.968      0.334      -0.175       0.060
PV2SCEP        0.0895      0.060      1.480      0.140      -0.029       0.208
PV4SCEP       -0.0071      0.057     -0.125      0.901      -0.119       0.105
PV6SCEP        0.0999      0.060      1.674      0.095      -0.017       0.217
PV7SCEP       -0.0787      0.062     -1.277      0.202      -0.200       0.042
PV10SCEP      -0.0013      0.059     -0.021      0.983      -0.118       0.116
PV1SCED        0.1817      0.047      3.826      0.000       0.088       0.275
PV2SCED       -0.0319      0.054     -0.595      0.552      -0.137       0.073
PV3SCED        0.0764      0.051      1.506      0.133      -0.023       0.176
PV4SCED       -0.1268      0.051     -2.495      0.013      -0.227      -0.027
PV5SCED        0.0650      0.044      1.482      0.139      -0.021       0.151
PV6SCED       -0.0519      0.050     -1.037      0.300      -0.150       0.046
PV7SCED        0.0540      0.051      1.061      0.289      -0.046       0.154
PV8SCED       -0.0544      0.046     -1.189      0.235      -0.144       0.036
PV9SCED        0.0356      0.050      0.718      0.473      -0.062       0.133
PV1SCID       -0.0430      0.059     -0.726      0.468      -0.159       0.073
PV2SCID        0.0522      0.059      0.891      0.373      -0.063       0.167
PV3SCID       -0.0215      0.058     -0.373      0.710      -0.135       0.092
PV6SCID       -0.0862      0.062     -1.394      0.164      -0.208       0.035
PV7SCID        0.0217      0.060      0.361      0.718      -0.096       0.140
PV8SCID       -0.0533      0.052     -1.028      0.304      -0.155       0.049
PV9SCID        0.0244      0.053      0.458      0.647      -0.080       0.129
PV10SCID      -0.0411      0.056     -0.738      0.461      -0.151       0.068
PV1SKCO        0.0007      0.059      0.012      0.991      -0.116       0.117
PV2SKCO        0.0167      0.052      0.324      0.746      -0.085       0.118
PV3SKCO       -0.1491      0.058     -2.565      0.011      -0.263      -0.035
PV4SKCO        0.1198      0.062      1.944      0.052      -0.001       0.241
PV5SKCO       -0.0740      0.062     -1.198      0.231      -0.195       0.047
PV7SKCO       -0.1296      0.061     -2.114      0.035      -0.250      -0.009
PV8SKCO       -0.0297      0.061     -0.491      0.624      -0.149       0.089
PV9SKCO        0.0110      0.051      0.215      0.830      -0.089       0.111
PV10SKCO       0.0375      0.060      0.626      0.531      -0.080       0.155
PV1SKPE       -0.0414      0.066     -0.624      0.533      -0.172       0.089
PV3SKPE        0.2493      0.066      3.800      0.000       0.120       0.378
PV4SKPE       -0.0415      0.062     -0.673      0.501      -0.163       0.080
PV5SKPE        0.0494      0.065      0.754      0.451      -0.079       0.178
PV6SKPE       -0.0437      0.055     -0.794      0.428      -0.152       0.065
PV7SKPE        0.0843      0.062      1.359      0.175      -0.038       0.206
PV8SKPE       -0.0009      0.062     -0.014      0.989      -0.122       0.121
PV10SKPE      -0.0182      0.063     -0.291      0.771      -0.141       0.105
PV2SSPH        0.0702      0.052      1.360      0.174      -0.031       0.172
PV4SSPH        0.1516      0.051      2.997      0.003       0.052       0.251
PV5SSPH       -0.0261      0.049     -0.534      0.593      -0.122       0.070
PV6SSPH       -0.0704      0.048     -1.467      0.143      -0.165       0.024
PV7SSPH        0.0109      0.051      0.214      0.831      -0.090       0.112
PV8SSPH       -0.0494      0.053     -0.940      0.348      -0.153       0.054
PV9SSPH        0.0801      0.047      1.720      0.086      -0.011       0.172
PV10SSPH       0.0425      0.053      0.800      0.424      -0.062       0.147
PV1SSLI       -0.0401      0.058     -0.693      0.489      -0.154       0.074
PV2SSLI       -0.1044      0.056     -1.873      0.062      -0.214       0.005
PV4SSLI       -0.0588      0.057     -1.024      0.306      -0.172       0.054
PV5SSLI       -0.0134      0.054     -0.247      0.805      -0.120       0.093
PV7SSLI       -0.0693      0.058     -1.191      0.234      -0.184       0.045
PV8SSLI        0.0740      0.054      1.373      0.170      -0.032       0.180
PV9SSLI        0.0237      0.055      0.432      0.666      -0.084       0.131
PV10SSLI       0.1334      0.057      2.355      0.019       0.022       0.245
PV1SSES        0.0399      0.054      0.734      0.463      -0.067       0.147
PV3SSES       -0.0756      0.045     -1.662      0.097      -0.165       0.014
PV4SSES        0.0023      0.056      0.041      0.967      -0.107       0.112
PV6SSES        0.0209      0.051      0.407      0.684      -0.080       0.122
PV7SSES        0.0707      0.053      1.324      0.186      -0.034       0.176
PV10SSES      -0.0889      0.050     -1.775      0.077      -0.187       0.010
==============================================================================
Omnibus:                        2.389   Durbin-Watson:                   1.781
Prob(Omnibus):                  0.303   Jarque-Bera (JB):                2.450
Skew:                          -0.039   Prob(JB):                        0.294
Kurtosis:                       3.303   Cond. No.                     3.00e+04
==============================================================================

Notes:
[1] Standard Errors assume that the covariance matrix of the errors is correctly specified.
[2] The condition number is large,  3e+04. This might indicate that there are
strong multicollinearity or other numerical problems.