                            OLS Regression Results                            
==============================================================================
Dep. Variable:                   MATH   R-squared:                       0.823
Model:                            OLS   Adj. R-squared:                  0.798
Method:                 Least Squares   F-statistic:                     32.98
Date:                Mon, 24 Apr 2023   Prob (F-statistic):          1.42e-154
Time:                        23:38:22   Log-Likelihood:                -2989.7
No. Observations:                 600   AIC:                             6129.
Df Residuals:                     525   BIC:                             6459.
Df Model:                          74                                         
Covariance Type:            nonrobust                                         
==============================================================================
                 coef    std err          t      P>|t|      [0.025      0.975]
------------------------------------------------------------------------------
Intercept     48.2970     10.636      4.541      0.000      27.403      69.191
PV2READ       -0.0038      0.042     -0.090      0.928      -0.086       0.079
PV6READ       -0.0153      0.040     -0.387      0.699      -0.093       0.062
PV7READ       -0.0231      0.044     -0.530      0.596      -0.109       0.063
PV9READ        0.0487      0.042      1.171      0.242      -0.033       0.130
PV1SCIE        0.5958      0.061      9.799      0.000       0.476       0.715
PV2SCIE        0.0576      0.065      0.892      0.373      -0.069       0.185
PV3SCIE        0.0224      0.063      0.356      0.722      -0.101       0.146
PV4SCIE       -0.0543      0.061     -0.887      0.376      -0.175       0.066
PV5SCIE       -0.0262      0.062     -0.421      0.674      -0.149       0.096
PV7SCIE        0.0839      0.064      1.319      0.188      -0.041       0.209
PV8SCIE        0.0068      0.062      0.110      0.913      -0.115       0.128
PV9SCIE       -0.0049      0.062     -0.079      0.937      -0.126       0.116
PV1SCEP       -0.0553      0.060     -0.929      0.353      -0.172       0.062
PV2SCEP        0.0903      0.060      1.495      0.136      -0.028       0.209
PV4SCEP       -0.0046      0.057     -0.081      0.935      -0.116       0.107
PV6SCEP        0.1017      0.060      1.708      0.088      -0.015       0.219
PV7SCEP       -0.0765      0.061     -1.244      0.214      -0.197       0.044
PV10SCEP      -0.0015      0.059     -0.025      0.980      -0.118       0.115
PV1SCED        0.1798      0.047      3.797      0.000       0.087       0.273
PV2SCED       -0.0320      0.054     -0.598      0.550      -0.137       0.073
PV3SCED        0.0766      0.051      1.509      0.132      -0.023       0.176
PV4SCED       -0.1278      0.051     -2.517      0.012      -0.228      -0.028
PV5SCED        0.0633      0.044      1.446      0.149      -0.023       0.149
PV6SCED       -0.0514      0.050     -1.029      0.304      -0.150       0.047
PV7SCED        0.0524      0.051      1.030      0.303      -0.047       0.152
PV8SCED       -0.0547      0.046     -1.195      0.232      -0.145       0.035
PV9SCED        0.0357      0.050      0.721      0.471      -0.062       0.133
PV1SCID       -0.0434      0.059     -0.733      0.464      -0.160       0.073
PV2SCID        0.0518      0.059      0.884      0.377      -0.063       0.167
PV3SCID       -0.0230      0.057     -0.399      0.690      -0.136       0.090
PV6SCID       -0.0875      0.062     -1.417      0.157      -0.209       0.034
PV7SCID        0.0212      0.060      0.354      0.723      -0.097       0.139
PV8SCID       -0.0555      0.052     -1.073      0.284      -0.157       0.046
PV9SCID        0.0245      0.053      0.460      0.645      -0.080       0.129
PV10SCID      -0.0403      0.056     -0.724      0.469      -0.150       0.069
PV1SKCO       -0.0014      0.059     -0.024      0.981      -0.118       0.115
PV2SKCO        0.0154      0.052      0.298      0.766      -0.086       0.117
PV3SKCO       -0.1486      0.058     -2.557      0.011      -0.263      -0.034
PV4SKCO        0.1167      0.061      1.902      0.058      -0.004       0.237
PV5SKCO       -0.0727      0.062     -1.178      0.239      -0.194       0.048
PV7SKCO       -0.1293      0.061     -2.111      0.035      -0.250      -0.009
PV8SKCO       -0.0299      0.061     -0.493      0.622      -0.149       0.089
PV9SKCO        0.0108      0.051      0.212      0.832      -0.089       0.111
PV10SKCO       0.0347      0.060      0.582      0.561      -0.082       0.152
PV1SKPE       -0.0418      0.066     -0.631      0.528      -0.172       0.088
PV3SKPE        0.2488      0.066      3.796      0.000       0.120       0.378
PV4SKPE       -0.0389      0.061     -0.632      0.527      -0.160       0.082
PV5SKPE        0.0475      0.065      0.726      0.468      -0.081       0.176
PV6SKPE       -0.0426      0.055     -0.774      0.439      -0.151       0.066
PV7SKPE        0.0862      0.062      1.392      0.164      -0.035       0.208
PV8SKPE        0.0013      0.062      0.020      0.984      -0.120       0.122
PV10SKPE      -0.0156      0.063     -0.249      0.803      -0.138       0.107
PV2SSPH        0.0708      0.052      1.373      0.170      -0.031       0.172
PV4SSPH        0.1512      0.051      2.992      0.003       0.052       0.250
PV5SSPH       -0.0259      0.049     -0.531      0.595      -0.122       0.070
PV6SSPH       -0.0708      0.048     -1.475      0.141      -0.165       0.023
PV7SSPH        0.0105      0.051      0.205      0.838      -0.090       0.111
PV8SSPH       -0.0493      0.053     -0.939      0.348      -0.153       0.054
PV9SSPH        0.0800      0.047      1.720      0.086      -0.011       0.171
PV10SSPH       0.0434      0.053      0.816      0.415      -0.061       0.148
PV1SSLI       -0.0409      0.058     -0.707      0.480      -0.155       0.073
PV2SSLI       -0.1062      0.056     -1.911      0.057      -0.215       0.003
PV4SSLI       -0.0584      0.057     -1.018      0.309      -0.171       0.054
PV5SSLI       -0.0141      0.054     -0.260      0.795      -0.121       0.093
PV7SSLI       -0.0698      0.058     -1.201      0.230      -0.184       0.044
PV8SSLI        0.0742      0.054      1.378      0.169      -0.032       0.180
PV9SSLI        0.0234      0.055      0.427      0.670      -0.084       0.131
PV10SSLI       0.1320      0.057      2.334      0.020       0.021       0.243
PV1SSES        0.0389      0.054      0.717      0.474      -0.068       0.146
PV3SSES       -0.0746      0.045     -1.643      0.101      -0.164       0.015
PV4SSES        0.0016      0.056      0.030      0.976      -0.108       0.111
PV6SSES        0.0233      0.051      0.455      0.649      -0.077       0.124
PV7SSES        0.0709      0.053      1.329      0.184      -0.034       0.176
PV10SSES      -0.0903      0.050     -1.806      0.071      -0.188       0.008
==============================================================================
Omnibus:                        2.316   Durbin-Watson:                   1.783
Prob(Omnibus):                  0.314   Jarque-Bera (JB):                2.357
Skew:                          -0.039   Prob(JB):                        0.308
Kurtosis:                       3.297   Cond. No.                     2.98e+04
==============================================================================

Notes:
[1] Standard Errors assume that the covariance matrix of the errors is correctly specified.
[2] The condition number is large, 2.98e+04. This might indicate that there are
strong multicollinearity or other numerical problems.