                            OLS Regression Results                            
==============================================================================
Dep. Variable:                   MATH   R-squared:                       0.828
Model:                            OLS   Adj. R-squared:                  0.800
Method:                 Least Squares   F-statistic:                     28.80
Date:                Mon, 24 Apr 2023   Prob (F-statistic):          5.12e-149
Time:                        23:38:10   Log-Likelihood:                -2980.3
No. Observations:                 600   AIC:                             6135.
Df Residuals:                     513   BIC:                             6517.
Df Model:                          86                                         
Covariance Type:            nonrobust                                         
==============================================================================
                 coef    std err          t      P>|t|      [0.025      0.975]
------------------------------------------------------------------------------
Intercept     47.2442     10.771      4.386      0.000      26.084      68.404
PV1READ        0.0636      0.045      1.402      0.162      -0.026       0.153
PV2READ       -0.0116      0.044     -0.266      0.790      -0.097       0.074
PV6READ       -0.0509      0.044     -1.157      0.248      -0.137       0.036
PV7READ       -0.0071      0.046     -0.155      0.877      -0.097       0.082
PV8READ       -0.0442      0.047     -0.942      0.347      -0.136       0.048
PV9READ        0.0460      0.044      1.056      0.291      -0.040       0.131
PV1SCIE        0.5695      0.066      8.574      0.000       0.439       0.700
PV2SCIE        0.0674      0.066      1.025      0.306      -0.062       0.197
PV3SCIE        0.0069      0.064      0.109      0.913      -0.118       0.132
PV4SCIE       -0.0605      0.061     -0.987      0.324      -0.181       0.060
PV5SCIE       -0.0389      0.064     -0.611      0.542      -0.164       0.086
PV6SCIE        0.1206      0.064      1.885      0.060      -0.005       0.246
PV7SCIE        0.0746      0.066      1.137      0.256      -0.054       0.203
PV8SCIE        0.0332      0.067      0.499      0.618      -0.098       0.164
PV9SCIE       -0.0115      0.063     -0.183      0.855      -0.135       0.112
PV1SCEP       -0.0689      0.061     -1.135      0.257      -0.188       0.050
PV2SCEP        0.1059      0.062      1.720      0.086      -0.015       0.227
PV3SCEP       -0.0196      0.058     -0.339      0.735      -0.133       0.094
PV4SCEP       -0.0045      0.061     -0.074      0.941      -0.124       0.115
PV5SCEP       -0.0975      0.067     -1.448      0.148      -0.230       0.035
PV6SCEP        0.1104      0.060      1.832      0.067      -0.008       0.229
PV7SCEP       -0.0983      0.064     -1.547      0.122      -0.223       0.027
PV9SCEP        0.1201      0.062      1.933      0.054      -0.002       0.242
PV10SCEP      -0.0169      0.062     -0.276      0.783      -0.138       0.104
PV1SCED        0.1692      0.049      3.478      0.001       0.074       0.265
PV2SCED       -0.0255      0.054     -0.473      0.636      -0.132       0.081
PV3SCED        0.0623      0.053      1.183      0.237      -0.041       0.166
PV4SCED       -0.1092      0.055     -2.000      0.046      -0.216      -0.002
PV5SCED        0.0813      0.055      1.469      0.142      -0.027       0.190
PV6SCED       -0.0538      0.051     -1.056      0.291      -0.154       0.046
PV7SCED        0.0519      0.052      0.998      0.319      -0.050       0.154
PV8SCED       -0.0439      0.047     -0.935      0.350      -0.136       0.048
PV9SCED        0.0076      0.052      0.147      0.883      -0.094       0.110
PV10SCED       0.0450      0.052      0.866      0.387      -0.057       0.147
PV1SCID       -0.0373      0.061     -0.611      0.541      -0.157       0.083
PV2SCID        0.0348      0.059      0.590      0.556      -0.081       0.151
PV3SCID       -0.0006      0.063     -0.009      0.993      -0.124       0.123
PV4SCID       -0.0238      0.057     -0.420      0.675      -0.135       0.088
PV5SCID        0.0874      0.060      1.462      0.144      -0.030       0.205
PV6SCID       -0.0996      0.063     -1.584      0.114      -0.223       0.024
PV7SCID        0.0532      0.062      0.860      0.390      -0.068       0.175
PV8SCID       -0.0563      0.053     -1.066      0.287      -0.160       0.047
PV9SCID       -0.0332      0.059     -0.561      0.575      -0.150       0.083
PV10SCID      -0.0612      0.059     -1.045      0.296      -0.176       0.054
PV1SKCO       -0.0252      0.061     -0.414      0.679      -0.145       0.094
PV2SKCO        0.0159      0.052      0.307      0.759      -0.086       0.118
PV3SKCO       -0.1538      0.060     -2.572      0.010      -0.271      -0.036
PV4SKCO        0.1256      0.063      2.005      0.045       0.003       0.249
PV5SKCO       -0.0618      0.063     -0.979      0.328      -0.186       0.062
PV6SKCO        0.0626      0.061      1.025      0.306      -0.057       0.183
PV7SKCO       -0.1553      0.062     -2.508      0.012      -0.277      -0.034
PV8SKCO       -0.0306      0.061     -0.498      0.619      -0.151       0.090
PV9SKCO        0.0029      0.052      0.057      0.955      -0.099       0.104
PV10SKCO       0.0453      0.060      0.750      0.453      -0.073       0.164
PV1SKPE       -0.0137      0.068     -0.204      0.839      -0.146       0.119
PV3SKPE        0.2380      0.067      3.533      0.000       0.106       0.370
PV4SKPE       -0.0495      0.062     -0.794      0.428      -0.172       0.073
PV5SKPE        0.0583      0.066      0.882      0.378      -0.072       0.188
PV6SKPE       -0.0868      0.066     -1.324      0.186      -0.216       0.042
PV7SKPE        0.0989      0.064      1.551      0.121      -0.026       0.224
PV8SKPE       -0.0060      0.063     -0.097      0.923      -0.129       0.117
PV10SKPE      -0.0337      0.064     -0.530      0.597      -0.159       0.091
PV2SSPH        0.0505      0.052      0.970      0.333      -0.052       0.153
PV4SSPH        0.1561      0.051      3.035      0.003       0.055       0.257
PV5SSPH       -0.0414      0.049     -0.843      0.399      -0.138       0.055
PV6SSPH       -0.0604      0.050     -1.196      0.232      -0.159       0.039
PV7SSPH        0.0060      0.052      0.117      0.907      -0.095       0.107
PV8SSPH       -0.0549      0.053     -1.033      0.302      -0.159       0.050
PV9SSPH        0.0680      0.047      1.437      0.151      -0.025       0.161
PV10SSPH       0.0455      0.054      0.847      0.397      -0.060       0.151
PV1SSLI       -0.0282      0.060     -0.470      0.638      -0.146       0.090
PV2SSLI       -0.1083      0.056     -1.929      0.054      -0.219       0.002
PV3SSLI       -0.0872      0.058     -1.501      0.134      -0.201       0.027
PV4SSLI       -0.0660      0.058     -1.140      0.255      -0.180       0.048
PV5SSLI        0.0094      0.056      0.168      0.867      -0.100       0.119
PV6SSLI        0.0037      0.058      0.064      0.949      -0.110       0.117
PV7SSLI       -0.0589      0.059     -1.000      0.318      -0.175       0.057
PV8SSLI        0.0670      0.055      1.223      0.222      -0.041       0.175
PV9SSLI        0.0387      0.056      0.694      0.488      -0.071       0.148
PV10SSLI       0.1273      0.057      2.227      0.026       0.015       0.240
PV1SSES        0.0351      0.056      0.630      0.529      -0.074       0.145
PV3SSES       -0.0489      0.052     -0.936      0.350      -0.151       0.054
PV4SSES       -0.0032      0.057     -0.057      0.955      -0.114       0.108
PV6SSES        0.0090      0.055      0.162      0.871      -0.100       0.118
PV7SSES        0.0662      0.053      1.239      0.216      -0.039       0.171
PV10SSES      -0.0979      0.051     -1.920      0.055      -0.198       0.002
==============================================================================
Omnibus:                        5.743   Durbin-Watson:                   1.805
Prob(Omnibus):                  0.057   Jarque-Bera (JB):                7.652
Skew:                           0.036   Prob(JB):                       0.0218
Kurtosis:                       3.549   Cond. No.                     3.26e+04
==============================================================================

Notes:
[1] Standard Errors assume that the covariance matrix of the errors is correctly specified.
[2] The condition number is large, 3.26e+04. This might indicate that there are
strong multicollinearity or other numerical problems.