                            OLS Regression Results                            
==============================================================================
Dep. Variable:                   MATH   R-squared:                       0.819
Model:                            OLS   Adj. R-squared:                  0.799
Method:                 Least Squares   F-statistic:                     39.97
Date:                Mon, 24 Apr 2023   Prob (F-statistic):          2.12e-162
Time:                        23:38:33   Log-Likelihood:                -2996.0
No. Observations:                 600   AIC:                             6116.
Df Residuals:                     538   BIC:                             6389.
Df Model:                          61                                         
Covariance Type:            nonrobust                                         
==============================================================================
                 coef    std err          t      P>|t|      [0.025      0.975]
------------------------------------------------------------------------------
Intercept     47.2603     10.405      4.542      0.000      26.822      67.699
PV2READ        0.0087      0.038      0.229      0.819      -0.066       0.083
PV7READ       -0.0038      0.041     -0.092      0.927      -0.084       0.077
PV1SCIE        0.5984      0.059     10.067      0.000       0.482       0.715
PV3SCIE        0.0187      0.062      0.300      0.764      -0.104       0.141
PV5SCIE       -0.0401      0.061     -0.659      0.510      -0.160       0.079
PV7SCIE        0.0721      0.063      1.148      0.252      -0.051       0.195
PV8SCIE       -0.0069      0.061     -0.114      0.909      -0.126       0.113
PV2SCEP        0.0836      0.060      1.401      0.162      -0.034       0.201
PV6SCEP        0.0684      0.058      1.185      0.236      -0.045       0.182
PV7SCEP       -0.0673      0.060     -1.123      0.262      -0.185       0.050
PV10SCEP      -0.0109      0.058     -0.187      0.852      -0.126       0.104
PV1SCED        0.1707      0.044      3.840      0.000       0.083       0.258
PV2SCED       -0.0401      0.053     -0.763      0.446      -0.143       0.063
PV3SCED        0.0864      0.050      1.718      0.086      -0.012       0.185
PV4SCED       -0.1264      0.046     -2.746      0.006      -0.217      -0.036
PV5SCED        0.0558      0.043      1.288      0.198      -0.029       0.141
PV6SCED       -0.0442      0.049     -0.905      0.366      -0.140       0.052
PV7SCED        0.0537      0.050      1.077      0.282      -0.044       0.152
PV8SCED       -0.0589      0.045     -1.312      0.190      -0.147       0.029
PV9SCED        0.0454      0.049      0.934      0.351      -0.050       0.141
PV1SCID       -0.0643      0.054     -1.197      0.232      -0.170       0.041
PV2SCID        0.0536      0.058      0.929      0.353      -0.060       0.167
PV3SCID       -0.0470      0.056     -0.835      0.404      -0.157       0.064
PV6SCID       -0.0651      0.061     -1.075      0.283      -0.184       0.054
PV7SCID        0.0038      0.059      0.064      0.949      -0.112       0.119
PV8SCID       -0.0513      0.051     -1.015      0.310      -0.151       0.048
PV9SCID        0.0224      0.053      0.424      0.672      -0.082       0.126
PV10SCID      -0.0261      0.055     -0.477      0.633      -0.133       0.081
PV1SKCO       -0.0263      0.049     -0.536      0.593      -0.123       0.070
PV2SKCO        0.0211      0.051      0.417      0.677      -0.078       0.121
PV3SKCO       -0.1513      0.057     -2.652      0.008      -0.263      -0.039
PV4SKCO        0.1063      0.060      1.767      0.078      -0.012       0.224
PV5SKCO       -0.0530      0.050     -1.062      0.289      -0.151       0.045
PV7SKCO       -0.1194      0.060     -1.996      0.046      -0.237      -0.002
PV8SKCO       -0.0194      0.059     -0.327      0.744      -0.136       0.097
PV9SKCO        0.0182      0.050      0.366      0.715      -0.080       0.116
PV10SKCO       0.0234      0.048      0.483      0.629      -0.072       0.118
PV3SKPE        0.2488      0.064      3.914      0.000       0.124       0.374
PV4SKPE       -0.0362      0.060     -0.601      0.548      -0.154       0.082
PV6SKPE       -0.0252      0.054     -0.466      0.641      -0.132       0.081
PV7SKPE        0.0784      0.060      1.310      0.191      -0.039       0.196
PV8SKPE       -0.0117      0.060     -0.194      0.846      -0.130       0.107
PV2SSPH        0.0730      0.050      1.448      0.148      -0.026       0.172
PV4SSPH        0.1486      0.050      2.992      0.003       0.051       0.246
PV5SSPH       -0.0233      0.047     -0.491      0.624      -0.116       0.070
PV6SSPH       -0.0574      0.047     -1.222      0.222      -0.150       0.035
PV7SSPH        0.0110      0.050      0.220      0.826      -0.087       0.109
PV10SSPH       0.0503      0.052      0.969      0.333      -0.052       0.152
PV1SSLI       -0.0358      0.056     -0.637      0.525      -0.146       0.075
PV2SSLI       -0.1022      0.054     -1.877      0.061      -0.209       0.005
PV4SSLI       -0.0592      0.056     -1.052      0.293      -0.170       0.051
PV5SSLI       -0.0303      0.053     -0.571      0.568      -0.134       0.074
PV7SSLI       -0.0749      0.057     -1.314      0.189      -0.187       0.037
PV8SSLI        0.0449      0.045      1.002      0.317      -0.043       0.133
PV9SSLI        0.0521      0.048      1.083      0.279      -0.042       0.146
PV10SSLI       0.1374      0.056      2.470      0.014       0.028       0.247
PV1SSES        0.0162      0.052      0.312      0.756      -0.086       0.118
PV4SSES        0.0099      0.055      0.181      0.856      -0.098       0.117
PV6SSES        0.0177      0.050      0.352      0.725      -0.081       0.116
PV7SSES        0.0698      0.053      1.329      0.185      -0.033       0.173
PV10SSES      -0.0975      0.049     -1.991      0.047      -0.194      -0.001
==============================================================================
Omnibus:                        1.391   Durbin-Watson:                   1.815
Prob(Omnibus):                  0.499   Jarque-Bera (JB):                1.260
Skew:                          -0.017   Prob(JB):                        0.533
Kurtosis:                       3.222   Cond. No.                     2.65e+04
==============================================================================

Notes:
[1] Standard Errors assume that the covariance matrix of the errors is correctly specified.
[2] The condition number is large, 2.65e+04. This might indicate that there are
strong multicollinearity or other numerical problems.