                            OLS Regression Results                            
==============================================================================
Dep. Variable:                   MATH   R-squared:                       0.821
Model:                            OLS   Adj. R-squared:                  0.799
Method:                 Least Squares   F-statistic:                     37.60
Date:                Mon, 24 Apr 2023   Prob (F-statistic):          3.83e-160
Time:                        23:38:30   Log-Likelihood:                -2993.5
No. Observations:                 600   AIC:                             6119.
Df Residuals:                     534   BIC:                             6409.
Df Model:                          65                                         
Covariance Type:            nonrobust                                         
==============================================================================
                 coef    std err          t      P>|t|      [0.025      0.975]
------------------------------------------------------------------------------
Intercept     46.6660     10.454      4.464      0.000      26.130      67.202
PV2READ        0.0092      0.038      0.241      0.809      -0.065       0.084
PV7READ       -0.0070      0.041     -0.172      0.864      -0.088       0.074
PV1SCIE        0.6004      0.059     10.095      0.000       0.484       0.717
PV3SCIE        0.0225      0.062      0.359      0.719      -0.100       0.145
PV4SCIE       -0.0543      0.060     -0.901      0.368      -0.173       0.064
PV5SCIE       -0.0346      0.061     -0.567      0.571      -0.154       0.085
PV7SCIE        0.0800      0.063      1.270      0.205      -0.044       0.204
PV8SCIE        0.0012      0.061      0.019      0.985      -0.119       0.121
PV2SCEP        0.0857      0.060      1.435      0.152      -0.032       0.203
PV4SCEP       -0.0009      0.056     -0.016      0.987      -0.110       0.108
PV6SCEP        0.0838      0.058      1.432      0.153      -0.031       0.199
PV7SCEP       -0.0655      0.060     -1.083      0.279      -0.184       0.053
PV10SCEP      -0.0029      0.059     -0.050      0.960      -0.118       0.112
PV1SCED        0.1621      0.045      3.605      0.000       0.074       0.250
PV2SCED       -0.0373      0.053     -0.710      0.478      -0.141       0.066
PV3SCED        0.0833      0.050      1.655      0.099      -0.016       0.182
PV4SCED       -0.1273      0.050     -2.566      0.011      -0.225      -0.030
PV5SCED        0.0646      0.044      1.483      0.139      -0.021       0.150
PV6SCED       -0.0429      0.049     -0.873      0.383      -0.139       0.054
PV7SCED        0.0520      0.051      1.030      0.303      -0.047       0.151
PV8SCED       -0.0511      0.045     -1.133      0.258      -0.140       0.038
PV9SCED        0.0388      0.049      0.795      0.427      -0.057       0.135
PV1SCID       -0.0613      0.055     -1.118      0.264      -0.169       0.046
PV2SCID        0.0502      0.058      0.869      0.385      -0.063       0.164
PV3SCID       -0.0327      0.057     -0.573      0.567      -0.145       0.079
PV6SCID       -0.0691      0.061     -1.138      0.256      -0.188       0.050
PV7SCID        0.0081      0.059      0.137      0.891      -0.108       0.124
PV8SCID       -0.0542      0.051     -1.068      0.286      -0.154       0.045
PV9SCID        0.0248      0.053      0.468      0.640      -0.079       0.129
PV10SCID      -0.0337      0.055     -0.613      0.540      -0.142       0.074
PV1SKCO       -0.0241      0.049     -0.490      0.624      -0.121       0.073
PV2SKCO        0.0171      0.051      0.337      0.736      -0.083       0.117
PV3SKCO       -0.1506      0.057     -2.623      0.009      -0.263      -0.038
PV4SKCO        0.1106      0.060      1.831      0.068      -0.008       0.229
PV5SKCO       -0.0763      0.061     -1.253      0.211      -0.196       0.043
PV7SKCO       -0.1186      0.060     -1.978      0.048      -0.236      -0.001
PV8SKCO       -0.0171      0.059     -0.287      0.774      -0.134       0.100
PV9SKCO        0.0204      0.050      0.407      0.684      -0.078       0.119
PV10SKCO       0.0286      0.049      0.590      0.555      -0.067       0.124
PV3SKPE        0.2534      0.064      3.933      0.000       0.127       0.380
PV4SKPE       -0.0291      0.061     -0.482      0.630      -0.148       0.090
PV5SKPE        0.0502      0.065      0.778      0.437      -0.077       0.177
PV6SKPE       -0.0335      0.055     -0.614      0.540      -0.141       0.074
PV7SKPE        0.0734      0.061      1.213      0.226      -0.045       0.192
PV8SKPE       -0.0131      0.061     -0.217      0.829      -0.132       0.106
PV2SSPH        0.0720      0.051      1.418      0.157      -0.028       0.172
PV4SSPH        0.1547      0.050      3.103      0.002       0.057       0.253
PV5SSPH       -0.0157      0.048     -0.329      0.742      -0.109       0.078
PV6SSPH       -0.0640      0.047     -1.351      0.177      -0.157       0.029
PV7SSPH        0.0154      0.050      0.308      0.758      -0.083       0.114
PV10SSPH       0.0487      0.052      0.938      0.349      -0.053       0.151
PV1SSLI       -0.0404      0.057     -0.712      0.477      -0.152       0.071
PV2SSLI       -0.1087      0.055     -1.993      0.047      -0.216      -0.002
PV4SSLI       -0.0688      0.056     -1.217      0.224      -0.180       0.042
PV5SSLI       -0.0308      0.053     -0.581      0.562      -0.135       0.073
PV7SSLI       -0.0794      0.057     -1.385      0.167      -0.192       0.033
PV8SSLI        0.0449      0.045      0.994      0.321      -0.044       0.134
PV9SSLI        0.0626      0.048      1.292      0.197      -0.033       0.158
PV10SSLI       0.1372      0.056      2.454      0.014       0.027       0.247
PV1SSES        0.0326      0.053      0.613      0.540      -0.072       0.137
PV3SSES       -0.0763      0.045     -1.698      0.090      -0.165       0.012
PV4SSES        0.0163      0.055      0.297      0.767      -0.092       0.124
PV6SSES        0.0247      0.051      0.489      0.625      -0.075       0.124
PV7SSES        0.0749      0.053      1.423      0.155      -0.028       0.178
PV10SSES      -0.0889      0.049     -1.806      0.071      -0.186       0.008
==============================================================================
Omnibus:                        1.132   Durbin-Watson:                   1.819
Prob(Omnibus):                  0.568   Jarque-Bera (JB):                0.974
Skew:                          -0.014   Prob(JB):                        0.614
Kurtosis:                       3.195   Cond. No.                     2.75e+04
==============================================================================

Notes:
[1] Standard Errors assume that the covariance matrix of the errors is correctly specified.
[2] The condition number is large, 2.75e+04. This might indicate that there are
strong multicollinearity or other numerical problems.