                            OLS Regression Results                            
==============================================================================
Dep. Variable:                   MATH   R-squared:                       0.831
Model:                            OLS   Adj. R-squared:                  0.799
Method:                 Least Squares   F-statistic:                     26.12
Date:                Mon, 24 Apr 2023   Prob (F-statistic):          2.99e-144
Time:                        23:37:59   Log-Likelihood:                -2975.4
No. Observations:                 600   AIC:                             6143.
Df Residuals:                     504   BIC:                             6565.
Df Model:                          95                                         
Covariance Type:            nonrobust                                         
==============================================================================
                 coef    std err          t      P>|t|      [0.025      0.975]
------------------------------------------------------------------------------
Intercept     45.8502     11.048      4.150      0.000      24.145      67.556
PV1READ        0.0599      0.047      1.279      0.201      -0.032       0.152
PV2READ       -0.0259      0.045     -0.580      0.562      -0.114       0.062
PV3READ       -0.0004      0.049     -0.008      0.994      -0.097       0.096
PV4READ        0.0155      0.047      0.329      0.743      -0.077       0.108
PV5READ        0.0507      0.048      1.055      0.292      -0.044       0.145
PV6READ       -0.0519      0.046     -1.116      0.265      -0.143       0.039
PV7READ       -0.0050      0.047     -0.107      0.915      -0.098       0.088
PV8READ       -0.0579      0.048     -1.200      0.231      -0.153       0.037
PV9READ        0.0381      0.045      0.854      0.394      -0.050       0.126
PV1SCIE        0.5857      0.067      8.700      0.000       0.453       0.718
PV2SCIE        0.0834      0.067      1.251      0.212      -0.048       0.214
PV3SCIE       -0.0014      0.073     -0.020      0.984      -0.144       0.141
PV4SCIE       -0.0712      0.066     -1.071      0.285      -0.202       0.059
PV5SCIE       -0.0706      0.071     -1.000      0.318      -0.209       0.068
PV6SCIE        0.1168      0.065      1.797      0.073      -0.011       0.244
PV7SCIE        0.0617      0.066      0.928      0.354      -0.069       0.192
PV8SCIE        0.0177      0.067      0.264      0.792      -0.114       0.150
PV9SCIE       -0.0236      0.063     -0.373      0.709      -0.148       0.101
PV1SCEP       -0.0583      0.061     -0.954      0.341      -0.179       0.062
PV2SCEP        0.1065      0.062      1.706      0.089      -0.016       0.229
PV3SCEP       -0.0126      0.058     -0.215      0.830      -0.127       0.102
PV4SCEP       -0.0244      0.062     -0.392      0.695      -0.147       0.098
PV5SCEP       -0.0698      0.069     -1.013      0.312      -0.205       0.066
PV6SCEP        0.1113      0.061      1.835      0.067      -0.008       0.230
PV7SCEP       -0.0929      0.065     -1.427      0.154      -0.221       0.035
PV8SCEP       -0.0221      0.066     -0.336      0.737      -0.151       0.107
PV9SCEP        0.1221      0.063      1.932      0.054      -0.002       0.246
PV10SCEP      -0.0254      0.062     -0.408      0.684      -0.148       0.097
PV1SCED        0.1624      0.049      3.292      0.001       0.065       0.259
PV2SCED       -0.0285      0.055     -0.523      0.601      -0.136       0.079
PV3SCED        0.0529      0.054      0.986      0.325      -0.053       0.158
PV4SCED       -0.0951      0.055     -1.716      0.087      -0.204       0.014
PV5SCED        0.0814      0.056      1.459      0.145      -0.028       0.191
PV6SCED       -0.0525      0.052     -1.012      0.312      -0.154       0.049
PV7SCED        0.0367      0.053      0.689      0.491      -0.068       0.141
PV8SCED       -0.0363      0.049     -0.735      0.462      -0.133       0.061
PV9SCED        0.0164      0.053      0.309      0.757      -0.088       0.121
PV10SCED       0.0624      0.053      1.176      0.240      -0.042       0.167
PV1SCID       -0.0379      0.061     -0.618      0.537      -0.158       0.083
PV2SCID        0.0361      0.060      0.597      0.551      -0.083       0.155
PV3SCID        0.0059      0.063      0.094      0.925      -0.118       0.130
PV4SCID       -0.0099      0.058     -0.171      0.864      -0.124       0.104
PV5SCID        0.0678      0.061      1.115      0.265      -0.052       0.187
PV6SCID       -0.1063      0.064     -1.665      0.097      -0.232       0.019
PV7SCID        0.0525      0.063      0.828      0.408      -0.072       0.177
PV8SCID       -0.0390      0.060     -0.646      0.518      -0.157       0.080
PV9SCID       -0.0255      0.060     -0.424      0.672      -0.143       0.092
PV10SCID      -0.0786      0.060     -1.309      0.191      -0.197       0.039
PV1SKCO       -0.0176      0.062     -0.286      0.775      -0.139       0.104
PV2SKCO        0.0269      0.059      0.455      0.650      -0.089       0.143
PV3SKCO       -0.1616      0.061     -2.666      0.008      -0.281      -0.043
PV4SKCO        0.1243      0.063      1.963      0.050      -0.000       0.249
PV5SKCO       -0.0667      0.064     -1.044      0.297      -0.192       0.059
PV6SKCO        0.0570      0.062      0.927      0.355      -0.064       0.178
PV7SKCO       -0.1642      0.062     -2.634      0.009      -0.287      -0.042
PV8SKCO       -0.0285      0.063     -0.453      0.651      -0.152       0.095
PV9SKCO        0.0046      0.052      0.088      0.930      -0.098       0.107
PV10SKCO       0.0488      0.061      0.802      0.423      -0.071       0.168
PV1SKPE       -0.0152      0.068     -0.224      0.823      -0.149       0.118
PV2SKPE       -0.0428      0.064     -0.666      0.506      -0.169       0.084
PV3SKPE        0.2326      0.068      3.398      0.001       0.098       0.367
PV4SKPE       -0.0543      0.063     -0.857      0.392      -0.179       0.070
PV5SKPE        0.0626      0.067      0.933      0.351      -0.069       0.194
PV6SKPE       -0.0721      0.067     -1.083      0.279      -0.203       0.059
PV7SKPE        0.0984      0.064      1.529      0.127      -0.028       0.225
PV8SKPE       -0.0121      0.064     -0.190      0.849      -0.138       0.113
PV10SKPE      -0.0297      0.065     -0.459      0.646      -0.157       0.097
PV1SSPH        0.0883      0.055      1.606      0.109      -0.020       0.196
PV2SSPH        0.0509      0.055      0.922      0.357      -0.058       0.159
PV3SSPH        0.0573      0.055      1.042      0.298      -0.051       0.165
PV4SSPH        0.1438      0.052      2.754      0.006       0.041       0.246
PV5SSPH       -0.0692      0.052     -1.331      0.184      -0.171       0.033
PV6SSPH       -0.0471      0.051     -0.923      0.357      -0.147       0.053
PV7SSPH       -0.0068      0.053     -0.129      0.897      -0.110       0.097
PV8SSPH       -0.0580      0.054     -1.084      0.279      -0.163       0.047
PV9SSPH        0.0520      0.048      1.081      0.280      -0.043       0.147
PV10SSPH       0.0471      0.054      0.868      0.386      -0.060       0.154
PV1SSLI       -0.0319      0.063     -0.506      0.613      -0.155       0.092
PV2SSLI       -0.0676      0.061     -1.116      0.265      -0.187       0.051
PV3SSLI       -0.1210      0.064     -1.902      0.058      -0.246       0.004
PV4SSLI       -0.0449      0.059     -0.762      0.447      -0.161       0.071
PV5SSLI       -0.0077      0.059     -0.131      0.896      -0.123       0.108
PV6SSLI       -0.0067      0.058     -0.114      0.909      -0.121       0.108
PV7SSLI       -0.0614      0.060     -1.018      0.309      -0.180       0.057
PV8SSLI        0.0677      0.055      1.232      0.219      -0.040       0.176
PV9SSLI        0.0467      0.057      0.824      0.410      -0.065       0.158
PV10SSLI       0.1170      0.058      2.020      0.044       0.003       0.231
PV1SSES       -0.0134      0.061     -0.221      0.825      -0.133       0.106
PV2SSES       -0.0679      0.057     -1.186      0.236      -0.180       0.045
PV3SSES       -0.0421      0.054     -0.782      0.434      -0.148       0.064
PV4SSES       -0.0121      0.058     -0.209      0.835      -0.126       0.102
PV5SSES        0.0667      0.054      1.243      0.215      -0.039       0.172
PV6SSES        0.0135      0.056      0.239      0.811      -0.097       0.124
PV7SSES        0.0814      0.055      1.490      0.137      -0.026       0.189
PV10SSES      -0.0881      0.052     -1.695      0.091      -0.190       0.014
==============================================================================
Omnibus:                        4.932   Durbin-Watson:                   1.809
Prob(Omnibus):                  0.085   Jarque-Bera (JB):                6.331
Skew:                           0.013   Prob(JB):                       0.0422
Kurtosis:                       3.502   Cond. No.                     3.52e+04
==============================================================================

Notes:
[1] Standard Errors assume that the covariance matrix of the errors is correctly specified.
[2] The condition number is large, 3.52e+04. This might indicate that there are
strong multicollinearity or other numerical problems.