                            OLS Regression Results                            
==============================================================================
Dep. Variable:                   MATH   R-squared:                       0.826
Model:                            OLS   Adj. R-squared:                  0.799
Method:                 Least Squares   F-statistic:                     30.71
Date:                Mon, 24 Apr 2023   Prob (F-statistic):          1.08e-151
Time:                        23:38:16   Log-Likelihood:                -2985.2
No. Observations:                 600   AIC:                             6132.
Df Residuals:                     519   BIC:                             6489.
Df Model:                          80                                         
Covariance Type:            nonrobust                                         
==============================================================================
                 coef    std err          t      P>|t|      [0.025      0.975]
------------------------------------------------------------------------------
Intercept     46.7056     10.692      4.368      0.000      25.701      67.711
PV2READ        0.0021      0.043      0.050      0.960      -0.082       0.087
PV6READ       -0.0381      0.043     -0.882      0.378      -0.123       0.047
PV7READ       -0.0051      0.045     -0.114      0.909      -0.093       0.083
PV8READ       -0.0292      0.046     -0.633      0.527      -0.120       0.061
PV9READ        0.0536      0.043      1.252      0.211      -0.030       0.138
PV1SCIE        0.5963      0.061      9.727      0.000       0.476       0.717
PV2SCIE        0.0546      0.065      0.839      0.402      -0.073       0.183
PV3SCIE        0.0082      0.063      0.130      0.896      -0.116       0.132
PV4SCIE       -0.0559      0.061     -0.912      0.362      -0.176       0.065
PV5SCIE       -0.0235      0.063     -0.370      0.711      -0.148       0.101
PV6SCIE        0.1253      0.064      1.964      0.050   -1.31e-05       0.251
PV7SCIE        0.0715      0.065      1.101      0.271      -0.056       0.199
PV8SCIE        0.0238      0.066      0.362      0.717      -0.105       0.153
PV9SCIE       -0.0131      0.062     -0.210      0.834      -0.135       0.109
PV1SCEP       -0.0632      0.060     -1.055      0.292      -0.181       0.054
PV2SCEP        0.0916      0.061      1.508      0.132      -0.028       0.211
PV3SCEP       -0.0129      0.057     -0.226      0.822      -0.125       0.099
PV4SCEP       -0.0195      0.057     -0.339      0.734      -0.132       0.093
PV6SCEP        0.1026      0.060      1.720      0.086      -0.015       0.220
PV7SCEP       -0.0915      0.063     -1.457      0.146      -0.215       0.032
PV10SCEP      -0.0156      0.061     -0.254      0.800      -0.136       0.105
PV1SCED        0.1744      0.048      3.630      0.000       0.080       0.269
PV2SCED       -0.0197      0.054     -0.367      0.714      -0.126       0.086
PV3SCED        0.0706      0.053      1.344      0.180      -0.033       0.174
PV4SCED       -0.1223      0.051     -2.386      0.017      -0.223      -0.022
PV5SCED        0.0633      0.044      1.428      0.154      -0.024       0.150
PV6SCED       -0.0527      0.051     -1.041      0.298      -0.152       0.047
PV7SCED        0.0505      0.052      0.979      0.328      -0.051       0.152
PV8SCED       -0.0487      0.046     -1.058      0.291      -0.139       0.042
PV9SCED        0.0358      0.050      0.722      0.471      -0.062       0.133
PV10SCED       0.0374      0.051      0.727      0.467      -0.064       0.138
PV1SCID       -0.0396      0.060     -0.662      0.508      -0.157       0.078
PV2SCID        0.0500      0.059      0.851      0.395      -0.065       0.165
PV3SCID       -0.0177      0.062     -0.286      0.775      -0.140       0.104
PV6SCID       -0.0841      0.062     -1.355      0.176      -0.206       0.038
PV7SCID        0.0462      0.061      0.758      0.449      -0.074       0.166
PV8SCID       -0.0568      0.052     -1.094      0.274      -0.159       0.045
PV9SCID        0.0194      0.054      0.362      0.718      -0.086       0.125
PV10SCID      -0.0517      0.058     -0.886      0.376      -0.166       0.063
PV1SKCO       -0.0099      0.060     -0.165      0.869      -0.128       0.108
PV2SKCO        0.0142      0.052      0.275      0.783      -0.087       0.116
PV3SKCO       -0.1489      0.059     -2.542      0.011      -0.264      -0.034
PV4SKCO        0.1209      0.062      1.956      0.051      -0.001       0.242
PV5SKCO       -0.0745      0.063     -1.191      0.234      -0.197       0.048
PV6SKCO        0.0641      0.060      1.067      0.286      -0.054       0.182
PV7SKCO       -0.1399      0.062     -2.270      0.024      -0.261      -0.019
PV8SKCO       -0.0269      0.061     -0.440      0.660      -0.147       0.093
PV9SKCO        0.0016      0.052      0.032      0.975      -0.100       0.103
PV10SKCO       0.0425      0.060      0.709      0.479      -0.075       0.160
PV1SKPE       -0.0344      0.067     -0.518      0.605      -0.165       0.096
PV3SKPE        0.2365      0.066      3.588      0.000       0.107       0.366
PV4SKPE       -0.0395      0.062     -0.639      0.523      -0.161       0.082
PV5SKPE        0.0547      0.066      0.831      0.406      -0.075       0.184
PV6SKPE       -0.0883      0.065     -1.358      0.175      -0.216       0.039
PV7SKPE        0.0920      0.063      1.454      0.147      -0.032       0.216
PV8SKPE       -0.0158      0.063     -0.252      0.801      -0.139       0.107
PV10SKPE      -0.0203      0.063     -0.323      0.747      -0.144       0.103
PV2SSPH        0.0581      0.052      1.122      0.262      -0.044       0.160
PV4SSPH        0.1409      0.051      2.772      0.006       0.041       0.241
PV5SSPH       -0.0371      0.049     -0.756      0.450      -0.133       0.059
PV6SSPH       -0.0650      0.048     -1.351      0.177      -0.160       0.030
PV7SSPH        0.0019      0.051      0.037      0.971      -0.099       0.103
PV8SSPH       -0.0532      0.053     -1.009      0.314      -0.157       0.050
PV9SSPH        0.0766      0.047      1.636      0.103      -0.015       0.169
PV10SSPH       0.0429      0.054      0.799      0.425      -0.063       0.149
PV1SSLI       -0.0237      0.059     -0.400      0.689      -0.140       0.093
PV2SSLI       -0.1016      0.056     -1.823      0.069      -0.211       0.008
PV3SSLI       -0.0845      0.058     -1.468      0.143      -0.198       0.029
PV4SSLI       -0.0617      0.058     -1.069      0.285      -0.175       0.052
PV5SSLI       -0.0017      0.055     -0.030      0.976      -0.110       0.106
PV7SSLI       -0.0606      0.059     -1.036      0.301      -0.176       0.054
PV8SSLI        0.0737      0.054      1.356      0.176      -0.033       0.180
PV9SSLI        0.0279      0.055      0.505      0.614      -0.081       0.136
PV10SSLI       0.1338      0.057      2.355      0.019       0.022       0.245
PV1SSES        0.0236      0.055      0.426      0.671      -0.085       0.133
PV3SSES       -0.0466      0.052     -0.895      0.371      -0.149       0.056
PV4SSES        0.0078      0.056      0.139      0.890      -0.102       0.118
PV6SSES        0.0193      0.051      0.375      0.708      -0.082       0.120
PV7SSES        0.0732      0.053      1.371      0.171      -0.032       0.178
PV10SSES      -0.0938      0.051     -1.847      0.065      -0.194       0.006
==============================================================================
Omnibus:                        3.150   Durbin-Watson:                   1.799
Prob(Omnibus):                  0.207   Jarque-Bera (JB):                3.556
Skew:                           0.001   Prob(JB):                        0.169
Kurtosis:                       3.377   Cond. No.                     3.12e+04
==============================================================================

Notes:
[1] Standard Errors assume that the covariance matrix of the errors is correctly specified.
[2] The condition number is large, 3.12e+04. This might indicate that there are
strong multicollinearity or other numerical problems.