                            OLS Regression Results                            
==============================================================================
Dep. Variable:                   MATH   R-squared:                       0.830
Model:                            OLS   Adj. R-squared:                  0.799
Method:                 Least Squares   F-statistic:                     26.87
Date:                Mon, 24 Apr 2023   Prob (F-statistic):          1.59e-145
Time:                        23:38:03   Log-Likelihood:                -2977.9
No. Observations:                 600   AIC:                             6142.
Df Residuals:                     507   BIC:                             6551.
Df Model:                          92                                         
Covariance Type:            nonrobust                                         
==============================================================================
                 coef    std err          t      P>|t|      [0.025      0.975]
------------------------------------------------------------------------------
Intercept     46.7117     11.024      4.237      0.000      25.054      68.370
PV1READ        0.0585      0.047      1.249      0.212      -0.034       0.151
PV2READ       -0.0250      0.045     -0.560      0.576      -0.112       0.063
PV3READ        0.0012      0.049      0.024      0.981      -0.096       0.098
PV4READ        0.0225      0.047      0.481      0.631      -0.069       0.114
PV5READ        0.0524      0.048      1.099      0.272      -0.041       0.146
PV6READ       -0.0554      0.046     -1.194      0.233      -0.147       0.036
PV7READ       -0.0172      0.047     -0.367      0.714      -0.109       0.075
PV8READ       -0.0521      0.048     -1.081      0.280      -0.147       0.043
PV9READ        0.0381      0.045      0.853      0.394      -0.050       0.126
PV1SCIE        0.5781      0.067      8.633      0.000       0.447       0.710
PV2SCIE        0.0797      0.067      1.196      0.232      -0.051       0.211
PV3SCIE        0.0060      0.073      0.083      0.934      -0.137       0.149
PV4SCIE       -0.0813      0.066     -1.226      0.221      -0.212       0.049
PV5SCIE       -0.0685      0.070     -0.972      0.331      -0.207       0.070
PV6SCIE        0.1191      0.065      1.836      0.067      -0.008       0.246
PV7SCIE        0.0689      0.066      1.040      0.299      -0.061       0.199
PV8SCIE        0.0270      0.067      0.404      0.687      -0.105       0.159
PV9SCIE       -0.0189      0.063     -0.299      0.765      -0.143       0.105
PV1SCEP       -0.0625      0.061     -1.021      0.308      -0.183       0.058
PV2SCEP        0.1089      0.062      1.746      0.081      -0.014       0.232
PV3SCEP       -0.0089      0.058     -0.152      0.879      -0.124       0.106
PV4SCEP       -0.0188      0.061     -0.306      0.759      -0.140       0.102
PV5SCEP       -0.0860      0.068     -1.258      0.209      -0.220       0.048
PV6SCEP        0.1092      0.061      1.799      0.073      -0.010       0.229
PV7SCEP       -0.0913      0.064     -1.416      0.157      -0.218       0.035
PV9SCEP        0.1245      0.063      1.986      0.048       0.001       0.248
PV10SCEP      -0.0172      0.062     -0.276      0.782      -0.139       0.105
PV1SCED        0.1640      0.049      3.327      0.001       0.067       0.261
PV2SCED       -0.0196      0.054     -0.361      0.718      -0.126       0.087
PV3SCED        0.0478      0.053      0.896      0.371      -0.057       0.153
PV4SCED       -0.0993      0.055     -1.797      0.073      -0.208       0.009
PV5SCED        0.0869      0.056      1.564      0.118      -0.022       0.196
PV6SCED       -0.0535      0.052     -1.038      0.300      -0.155       0.048
PV7SCED        0.0406      0.053      0.772      0.441      -0.063       0.144
PV8SCED       -0.0453      0.048     -0.951      0.342      -0.139       0.048
PV9SCED        0.0075      0.053      0.143      0.886      -0.096       0.111
PV10SCED       0.0519      0.053      0.988      0.324      -0.051       0.155
PV1SCID       -0.0443      0.061     -0.722      0.470      -0.165       0.076
PV2SCID        0.0288      0.060      0.479      0.632      -0.089       0.147
PV3SCID        0.0099      0.063      0.157      0.875      -0.114       0.134
PV4SCID       -0.0134      0.058     -0.233      0.816      -0.127       0.100
PV5SCID        0.0746      0.060      1.233      0.218      -0.044       0.193
PV6SCID       -0.0976      0.063     -1.539      0.124      -0.222       0.027
PV7SCID        0.0505      0.063      0.805      0.421      -0.073       0.174
PV8SCID       -0.0466      0.054     -0.869      0.385      -0.152       0.059
PV9SCID       -0.0264      0.060     -0.441      0.660      -0.144       0.091
PV10SCID      -0.0641      0.059     -1.085      0.278      -0.180       0.052
PV1SKCO       -0.0263      0.061     -0.429      0.668      -0.147       0.094
PV2SKCO        0.0313      0.059      0.529      0.597      -0.085       0.148
PV3SKCO       -0.1588      0.060     -2.625      0.009      -0.278      -0.040
PV4SKCO        0.1199      0.063      1.896      0.059      -0.004       0.244
PV5SKCO       -0.0650      0.064     -1.021      0.308      -0.190       0.060
PV6SKCO        0.0613      0.062      0.996      0.320      -0.060       0.182
PV7SKCO       -0.1596      0.062     -2.564      0.011      -0.282      -0.037
PV8SKCO       -0.0236      0.062     -0.382      0.703      -0.145       0.098
PV9SKCO        0.0060      0.052      0.114      0.909      -0.096       0.108
PV10SKCO       0.0504      0.061      0.830      0.407      -0.069       0.170
PV1SKPE       -0.0141      0.068     -0.208      0.835      -0.147       0.119
PV2SKPE       -0.0384      0.064     -0.598      0.550      -0.164       0.088
PV3SKPE        0.2352      0.068      3.448      0.001       0.101       0.369
PV4SKPE       -0.0453      0.063     -0.717      0.474      -0.169       0.079
PV5SKPE        0.0696      0.067      1.040      0.299      -0.062       0.201
PV6SKPE       -0.0802      0.066     -1.206      0.228      -0.211       0.050
PV7SKPE        0.1004      0.064      1.561      0.119      -0.026       0.227
PV8SKPE       -0.0062      0.063     -0.097      0.923      -0.131       0.118
PV10SKPE      -0.0337      0.065     -0.523      0.601      -0.161       0.093
PV2SSPH        0.0605      0.055      1.103      0.271      -0.047       0.168
PV3SSPH        0.0597      0.055      1.086      0.278      -0.048       0.168
PV4SSPH        0.1450      0.052      2.788      0.005       0.043       0.247
PV5SSPH       -0.0465      0.050     -0.939      0.348      -0.144       0.051
PV6SSPH       -0.0511      0.051     -1.001      0.317      -0.151       0.049
PV7SSPH       -0.0028      0.052     -0.053      0.957      -0.106       0.100
PV8SSPH       -0.0579      0.054     -1.081      0.280      -0.163       0.047
PV9SSPH        0.0602      0.048      1.256      0.210      -0.034       0.154
PV10SSPH       0.0467      0.054      0.864      0.388      -0.059       0.153
PV1SSLI       -0.0119      0.061     -0.195      0.846      -0.132       0.109
PV2SSLI       -0.0824      0.060     -1.373      0.170      -0.200       0.035
PV3SSLI       -0.1202      0.064     -1.889      0.059      -0.245       0.005
PV4SSLI       -0.0576      0.059     -0.984      0.326      -0.173       0.057
PV5SSLI        0.0092      0.056      0.164      0.870      -0.101       0.120
PV6SSLI       -0.0018      0.058     -0.032      0.975      -0.116       0.112
PV7SSLI       -0.0655      0.060     -1.090      0.276      -0.183       0.053
PV8SSLI        0.0681      0.055      1.237      0.217      -0.040       0.176
PV9SSLI        0.0452      0.057      0.797      0.426      -0.066       0.156
PV10SSLI       0.1162      0.058      2.006      0.045       0.002       0.230
PV1SSES        0.0288      0.056      0.513      0.608      -0.082       0.139
PV2SSES       -0.0625      0.057     -1.106      0.269      -0.173       0.049
PV3SSES       -0.0487      0.054     -0.910      0.363      -0.154       0.056
PV4SSES       -0.0051      0.057     -0.089      0.929      -0.117       0.107
PV6SSES        0.0141      0.056      0.254      0.800      -0.095       0.124
PV7SSES        0.0804      0.055      1.471      0.142      -0.027       0.188
PV10SSES      -0.0910      0.052     -1.750      0.081      -0.193       0.011
==============================================================================
Omnibus:                        4.497   Durbin-Watson:                   1.805
Prob(Omnibus):                  0.106   Jarque-Bera (JB):                5.579
Skew:                           0.026   Prob(JB):                       0.0614
Kurtosis:                       3.470   Cond. No.                     3.45e+04
==============================================================================

Notes:
[1] Standard Errors assume that the covariance matrix of the errors is correctly specified.
[2] The condition number is large, 3.45e+04. This might indicate that there are
strong multicollinearity or other numerical problems.