                            OLS Regression Results                            
==============================================================================
Dep. Variable:                   MATH   R-squared:                       0.824
Model:                            OLS   Adj. R-squared:                  0.799
Method:                 Least Squares   F-statistic:                     32.27
Date:                Mon, 24 Apr 2023   Prob (F-statistic):          7.65e-154
Time:                        23:38:20   Log-Likelihood:                -2987.5
No. Observations:                 600   AIC:                             6129.
Df Residuals:                     523   BIC:                             6468.
Df Model:                          76                                         
Covariance Type:            nonrobust                                         
==============================================================================
                 coef    std err          t      P>|t|      [0.025      0.975]
------------------------------------------------------------------------------
Intercept     46.8381     10.658      4.395      0.000      25.900      67.776
PV2READ        0.0052      0.043      0.120      0.904      -0.079       0.090
PV6READ       -0.0390      0.043     -0.904      0.366      -0.124       0.046
PV7READ       -0.0094      0.045     -0.211      0.833      -0.097       0.078
PV8READ       -0.0200      0.046     -0.439      0.661      -0.110       0.070
PV9READ        0.0550      0.043      1.290      0.197      -0.029       0.139
PV1SCIE        0.5989      0.061      9.860      0.000       0.480       0.718
PV2SCIE        0.0537      0.065      0.828      0.408      -0.074       0.181
PV3SCIE        0.0119      0.063      0.189      0.850      -0.112       0.136
PV4SCIE       -0.0580      0.061     -0.949      0.343      -0.178       0.062
PV5SCIE       -0.0268      0.062     -0.430      0.667      -0.149       0.096
PV6SCIE        0.1169      0.064      1.839      0.066      -0.008       0.242
PV7SCIE        0.0676      0.064      1.055      0.292      -0.058       0.194
PV8SCIE        0.0123      0.065      0.189      0.850      -0.116       0.141
PV9SCIE       -0.0048      0.062     -0.077      0.938      -0.127       0.117
PV1SCEP       -0.0641      0.060     -1.074      0.283      -0.181       0.053
PV2SCEP        0.0891      0.060      1.477      0.140      -0.029       0.208
PV4SCEP       -0.0135      0.057     -0.238      0.812      -0.125       0.098
PV6SCEP        0.0995      0.060      1.673      0.095      -0.017       0.216
PV7SCEP       -0.0895      0.062     -1.449      0.148      -0.211       0.032
PV10SCEP       0.0010      0.059      0.016      0.987      -0.116       0.118
PV1SCED        0.1825      0.047      3.851      0.000       0.089       0.276
PV2SCED       -0.0263      0.054     -0.491      0.624      -0.131       0.079
PV3SCED        0.0736      0.051      1.452      0.147      -0.026       0.173
PV4SCED       -0.1293      0.051     -2.549      0.011      -0.229      -0.030
PV5SCED        0.0576      0.044      1.308      0.191      -0.029       0.144
PV6SCED       -0.0517      0.050     -1.036      0.301      -0.150       0.046
PV7SCED        0.0561      0.051      1.103      0.270      -0.044       0.156
PV8SCED       -0.0526      0.046     -1.152      0.250      -0.142       0.037
PV9SCED        0.0360      0.049      0.727      0.467      -0.061       0.133
PV1SCID       -0.0446      0.059     -0.755      0.451      -0.161       0.072
PV2SCID        0.0517      0.058      0.885      0.377      -0.063       0.167
PV3SCID       -0.0186      0.057     -0.324      0.746      -0.132       0.094
PV6SCID       -0.0855      0.062     -1.385      0.167      -0.207       0.036
PV7SCID        0.0346      0.060      0.574      0.566      -0.084       0.153
PV8SCID       -0.0596      0.052     -1.149      0.251      -0.161       0.042
PV9SCID        0.0183      0.053      0.343      0.732      -0.086       0.123
PV10SCID      -0.0458      0.056     -0.823      0.411      -0.155       0.064
PV1SKCO       -0.0021      0.059     -0.036      0.972      -0.118       0.114
PV2SKCO        0.0151      0.052      0.293      0.769      -0.086       0.116
PV3SKCO       -0.1548      0.058     -2.665      0.008      -0.269      -0.041
PV4SKCO        0.1148      0.062      1.865      0.063      -0.006       0.236
PV5SKCO       -0.0714      0.062     -1.159      0.247      -0.192       0.050
PV7SKCO       -0.1328      0.061     -2.171      0.030      -0.253      -0.013
PV8SKCO       -0.0274      0.060     -0.453      0.651      -0.146       0.091
PV9SKCO        0.0114      0.051      0.224      0.823      -0.089       0.112
PV10SKCO       0.0388      0.060      0.651      0.516      -0.078       0.156
PV1SKPE       -0.0436      0.066     -0.659      0.510      -0.174       0.086
PV3SKPE        0.2443      0.066      3.730      0.000       0.116       0.373
PV4SKPE       -0.0376      0.062     -0.610      0.542      -0.159       0.083
PV5SKPE        0.0470      0.065      0.719      0.472      -0.081       0.175
PV6SKPE       -0.0448      0.055     -0.814      0.416      -0.153       0.063
PV7SKPE        0.0914      0.062      1.474      0.141      -0.030       0.213
PV8SKPE       -0.0068      0.062     -0.110      0.912      -0.128       0.115
PV10SKPE      -0.0209      0.063     -0.334      0.739      -0.144       0.102
PV2SSPH        0.0628      0.052      1.216      0.224      -0.039       0.164
PV4SSPH        0.1516      0.050      3.004      0.003       0.052       0.251
PV5SSPH       -0.0309      0.049     -0.633      0.527      -0.127       0.065
PV6SSPH       -0.0713      0.048     -1.490      0.137      -0.165       0.023
PV7SSPH        0.0068      0.051      0.134      0.894      -0.094       0.107
PV8SSPH       -0.0524      0.052     -1.000      0.318      -0.156       0.051
PV9SSPH        0.0825      0.046      1.776      0.076      -0.009       0.174
PV10SSPH       0.0427      0.053      0.804      0.422      -0.062       0.147
PV1SSLI       -0.0431      0.058     -0.747      0.456      -0.157       0.070
PV2SSLI       -0.1048      0.056     -1.885      0.060      -0.214       0.004
PV4SSLI       -0.0667      0.058     -1.159      0.247      -0.180       0.046
PV5SSLI       -0.0133      0.054     -0.244      0.807      -0.120       0.093
PV7SSLI       -0.0700      0.058     -1.205      0.229      -0.184       0.044
PV8SSLI        0.0758      0.054      1.409      0.159      -0.030       0.181
PV9SSLI        0.0181      0.055      0.330      0.741      -0.089       0.126
PV10SSLI       0.1294      0.057      2.289      0.022       0.018       0.241
PV1SSES        0.0398      0.054      0.734      0.463      -0.067       0.146
PV3SSES       -0.0838      0.046     -1.839      0.067      -0.173       0.006
PV4SSES        0.0060      0.056      0.108      0.914      -0.103       0.115
PV6SSES        0.0231      0.051      0.450      0.653      -0.078       0.124
PV7SSES        0.0757      0.053      1.420      0.156      -0.029       0.181
PV10SSES      -0.0862      0.050     -1.725      0.085      -0.184       0.012
==============================================================================
Omnibus:                        3.296   Durbin-Watson:                   1.788
Prob(Omnibus):                  0.192   Jarque-Bera (JB):                3.735
Skew:                          -0.025   Prob(JB):                        0.154
Kurtosis:                       3.383   Cond. No.                     3.03e+04
==============================================================================

Notes:
[1] Standard Errors assume that the covariance matrix of the errors is correctly specified.
[2] The condition number is large, 3.03e+04. This might indicate that there are
strong multicollinearity or other numerical problems.