                            OLS Regression Results                            
==============================================================================
Dep. Variable:                   MATH   R-squared:                       0.827
Model:                            OLS   Adj. R-squared:                  0.800
Method:                 Least Squares   F-statistic:                     30.15
Date:                Mon, 24 Apr 2023   Prob (F-statistic):          4.24e-151
Time:                        23:38:14   Log-Likelihood:                -2982.7
No. Observations:                 600   AIC:                             6131.
Df Residuals:                     517   BIC:                             6496.
Df Model:                          82                                         
Covariance Type:            nonrobust                                         
==============================================================================
                 coef    std err          t      P>|t|      [0.025      0.975]
------------------------------------------------------------------------------
Intercept     47.1778     10.676      4.419      0.000      26.204      68.152
PV2READ        0.0020      0.043      0.046      0.963      -0.082       0.086
PV6READ       -0.0440      0.043     -1.016      0.310      -0.129       0.041
PV7READ        0.0045      0.045      0.100      0.920      -0.083       0.092
PV8READ       -0.0368      0.046     -0.797      0.426      -0.127       0.054
PV9READ        0.0586      0.043      1.370      0.171      -0.025       0.143
PV1SCIE        0.6012      0.061      9.820      0.000       0.481       0.721
PV2SCIE        0.0499      0.065      0.765      0.444      -0.078       0.178
PV3SCIE        0.0126      0.063      0.199      0.842      -0.112       0.137
PV4SCIE       -0.0570      0.061     -0.931      0.352      -0.177       0.063
PV5SCIE       -0.0319      0.064     -0.502      0.616      -0.157       0.093
PV6SCIE        0.1213      0.064      1.903      0.058      -0.004       0.247
PV7SCIE        0.0610      0.065      0.938      0.349      -0.067       0.189
PV8SCIE        0.0257      0.066      0.391      0.696      -0.103       0.155
PV9SCIE       -0.0177      0.062     -0.285      0.776      -0.140       0.104
PV1SCEP       -0.0641      0.060     -1.072      0.284      -0.182       0.053
PV2SCEP        0.0918      0.061      1.512      0.131      -0.027       0.211
PV3SCEP       -0.0258      0.057     -0.448      0.654      -0.139       0.087
PV4SCEP       -0.0236      0.057     -0.411      0.681      -0.136       0.089
PV6SCEP        0.0960      0.060      1.611      0.108      -0.021       0.213
PV7SCEP       -0.1020      0.063     -1.620      0.106      -0.226       0.022
PV9SCEP        0.1092      0.062      1.770      0.077      -0.012       0.231
PV10SCEP      -0.0212      0.061     -0.345      0.730      -0.142       0.099
PV1SCED        0.1827      0.048      3.792      0.000       0.088       0.277
PV2SCED       -0.0191      0.054     -0.355      0.723      -0.125       0.087
PV3SCED        0.0721      0.052      1.376      0.169      -0.031       0.175
PV4SCED       -0.1156      0.051     -2.253      0.025      -0.216      -0.015
PV5SCED        0.0500      0.050      0.991      0.322      -0.049       0.149
PV6SCED       -0.0499      0.051     -0.984      0.326      -0.150       0.050
PV7SCED        0.0546      0.052      1.053      0.293      -0.047       0.156
PV8SCED       -0.0452      0.046     -0.979      0.328      -0.136       0.046
PV9SCED        0.0100      0.052      0.194      0.846      -0.091       0.111
PV10SCED       0.0460      0.052      0.887      0.375      -0.056       0.148
PV1SCID       -0.0486      0.060     -0.811      0.417      -0.166       0.069
PV2SCID        0.0452      0.059      0.770      0.442      -0.070       0.161
PV3SCID       -0.0041      0.063     -0.066      0.947      -0.127       0.119
PV5SCID        0.0528      0.055      0.969      0.333      -0.054       0.160
PV6SCID       -0.0825      0.062     -1.326      0.185      -0.205       0.040
PV7SCID        0.0530      0.062      0.861      0.390      -0.068       0.174
PV8SCID       -0.0594      0.052     -1.141      0.255      -0.162       0.043
PV9SCID       -0.0224      0.058     -0.385      0.701      -0.137       0.092
PV10SCID      -0.0602      0.058     -1.030      0.303      -0.175       0.055
PV1SKCO       -0.0171      0.060     -0.283      0.777      -0.135       0.101
PV2SKCO        0.0128      0.052      0.248      0.804      -0.088       0.114
PV3SKCO       -0.1521      0.058     -2.601      0.010      -0.267      -0.037
PV4SKCO        0.1166      0.062      1.883      0.060      -0.005       0.238
PV5SKCO       -0.0719      0.063     -1.147      0.252      -0.195       0.051
PV6SKCO        0.0480      0.060      0.794      0.427      -0.071       0.167
PV7SKCO       -0.1492      0.062     -2.420      0.016      -0.270      -0.028
PV8SKCO       -0.0327      0.061     -0.534      0.594      -0.153       0.088
PV9SKCO        0.0023      0.052      0.044      0.965      -0.099       0.103
PV10SKCO       0.0441      0.060      0.735      0.463      -0.074       0.162
PV1SKPE       -0.0313      0.067     -0.471      0.638      -0.162       0.099
PV3SKPE        0.2338      0.066      3.554      0.000       0.105       0.363
PV4SKPE       -0.0427      0.062     -0.692      0.489      -0.164       0.079
PV5SKPE        0.0571      0.066      0.867      0.386      -0.072       0.187
PV6SKPE       -0.0778      0.065     -1.193      0.233      -0.206       0.050
PV7SKPE        0.0944      0.063      1.493      0.136      -0.030       0.219
PV8SKPE       -0.0103      0.062     -0.165      0.869      -0.133       0.112
PV10SKPE      -0.0283      0.063     -0.448      0.654      -0.152       0.096
PV2SSPH        0.0535      0.052      1.035      0.301      -0.048       0.155
PV4SSPH        0.1484      0.051      2.914      0.004       0.048       0.248
PV5SSPH       -0.0372      0.049     -0.760      0.447      -0.133       0.059
PV6SSPH       -0.0624      0.048     -1.297      0.195      -0.157       0.032
PV7SSPH        0.0077      0.051      0.150      0.881      -0.093       0.109
PV8SSPH       -0.0627      0.053     -1.184      0.237      -0.167       0.041
PV9SSPH        0.0690      0.047      1.469      0.142      -0.023       0.161
PV10SSPH       0.0441      0.054      0.821      0.412      -0.061       0.149
PV1SSLI       -0.0248      0.060     -0.417      0.677      -0.142       0.092
PV2SSLI       -0.1029      0.056     -1.849      0.065      -0.212       0.006
PV3SSLI       -0.0848      0.057     -1.477      0.140      -0.198       0.028
PV4SSLI       -0.0656      0.058     -1.134      0.257      -0.179       0.048
PV5SSLI       -0.0019      0.055     -0.035      0.972      -0.110       0.106
PV7SSLI       -0.0626      0.058     -1.071      0.285      -0.177       0.052
PV8SSLI        0.0791      0.054      1.453      0.147      -0.028       0.186
PV9SSLI        0.0383      0.055      0.692      0.489      -0.070       0.147
PV10SSLI       0.1280      0.057      2.254      0.025       0.016       0.239
PV1SSES        0.0279      0.056      0.502      0.616      -0.081       0.137
PV3SSES       -0.0481      0.052     -0.926      0.355      -0.150       0.054
PV4SSES        0.0083      0.056      0.147      0.883      -0.102       0.119
PV6SSES        0.0084      0.052      0.163      0.870      -0.093       0.110
PV7SSES        0.0666      0.053      1.249      0.212      -0.038       0.171
PV10SSES      -0.0963      0.051     -1.900      0.058      -0.196       0.003
==============================================================================
Omnibus:                        4.338   Durbin-Watson:                   1.784
Prob(Omnibus):                  0.114   Jarque-Bera (JB):                5.284
Skew:                           0.036   Prob(JB):                       0.0712
Kurtosis:                       3.454   Cond. No.                     3.16e+04
==============================================================================

Notes:
[1] Standard Errors assume that the covariance matrix of the errors is correctly specified.
[2] The condition number is large, 3.16e+04. This might indicate that there are
strong multicollinearity or other numerical problems.