                            OLS Regression Results                            
==============================================================================
Dep. Variable:                   MATH   R-squared:                       0.818
Model:                            OLS   Adj. R-squared:                  0.798
Method:                 Least Squares   F-statistic:                     41.21
Date:                Mon, 24 Apr 2023   Prob (F-statistic):          1.98e-163
Time:                        23:38:35   Log-Likelihood:                -2997.5
No. Observations:                 600   AIC:                             6115.
Df Residuals:                     540   BIC:                             6379.
Df Model:                          59                                         
Covariance Type:            nonrobust                                         
==============================================================================
                 coef    std err          t      P>|t|      [0.025      0.975]
------------------------------------------------------------------------------
Intercept     47.2189     10.384      4.547      0.000      26.821      67.616
PV2READ        0.0035      0.038      0.093      0.926      -0.070       0.077
PV7READ       -0.0036      0.041     -0.088      0.930      -0.084       0.077
PV1SCIE        0.5982      0.059     10.058      0.000       0.481       0.715
PV3SCIE        0.0145      0.062      0.233      0.816      -0.108       0.137
PV5SCIE       -0.0442      0.061     -0.727      0.468      -0.164       0.075
PV7SCIE        0.0740      0.063      1.180      0.239      -0.049       0.197
PV8SCIE       -0.0073      0.061     -0.121      0.904      -0.127       0.112
PV2SCEP        0.0953      0.059      1.607      0.109      -0.021       0.212
PV6SCEP        0.0541      0.054      0.999      0.318      -0.052       0.160
PV7SCEP       -0.0611      0.059     -1.028      0.304      -0.178       0.056
PV10SCEP       0.0005      0.058      0.008      0.994      -0.114       0.114
PV1SCED        0.1680      0.044      3.782      0.000       0.081       0.255
PV2SCED       -0.0511      0.052     -0.981      0.327      -0.154       0.051
PV3SCED        0.0886      0.050      1.768      0.078      -0.010       0.187
PV4SCED       -0.1348      0.046     -2.944      0.003      -0.225      -0.045
PV5SCED        0.0498      0.043      1.157      0.248      -0.035       0.134
PV6SCED       -0.0625      0.046     -1.374      0.170      -0.152       0.027
PV7SCED        0.0484      0.050      0.979      0.328      -0.049       0.146
PV9SCED        0.0464      0.049      0.953      0.341      -0.049       0.142
PV1SCID       -0.0656      0.054     -1.224      0.222      -0.171       0.040
PV2SCID        0.0461      0.057      0.804      0.422      -0.067       0.159
PV3SCID       -0.0476      0.056     -0.853      0.394      -0.157       0.062
PV7SCID       -0.0009      0.058     -0.016      0.987      -0.116       0.114
PV8SCID       -0.0825      0.047     -1.770      0.077      -0.174       0.009
PV9SCID        0.0177      0.053      0.334      0.739      -0.086       0.122
PV10SCID      -0.0319      0.054     -0.585      0.559      -0.139       0.075
PV1SKCO       -0.0272      0.049     -0.554      0.580      -0.124       0.069
PV2SKCO        0.0081      0.050      0.161      0.872      -0.090       0.106
PV3SKCO       -0.1588      0.057     -2.789      0.005      -0.271      -0.047
PV4SKCO        0.1029      0.060      1.720      0.086      -0.015       0.220
PV5SKCO       -0.0557      0.050     -1.116      0.265      -0.154       0.042
PV7SKCO       -0.1136      0.060     -1.908      0.057      -0.231       0.003
PV8SKCO       -0.0247      0.059     -0.418      0.676      -0.141       0.091
PV9SKCO        0.0234      0.050      0.471      0.638      -0.074       0.121
PV10SKCO       0.0194      0.048      0.401      0.688      -0.075       0.114
PV3SKPE        0.2488      0.064      3.916      0.000       0.124       0.374
PV4SKPE       -0.0330      0.060     -0.549      0.583      -0.151       0.085
PV6SKPE       -0.0317      0.054     -0.589      0.556      -0.138       0.074
PV7SKPE        0.0759      0.060      1.267      0.206      -0.042       0.194
PV8SKPE       -0.0135      0.060     -0.224      0.823      -0.132       0.105
PV2SSPH        0.0713      0.050      1.418      0.157      -0.027       0.170
PV4SSPH        0.1491      0.049      3.014      0.003       0.052       0.246
PV5SSPH       -0.0183      0.047     -0.386      0.700      -0.111       0.075
PV6SSPH       -0.0572      0.047     -1.216      0.225      -0.150       0.035
PV7SSPH        0.0150      0.050      0.302      0.763      -0.083       0.113
PV10SSPH       0.0454      0.052      0.875      0.382      -0.056       0.147
PV1SSLI       -0.0387      0.056     -0.689      0.491      -0.149       0.072
PV2SSLI       -0.0986      0.054     -1.816      0.070      -0.205       0.008
PV4SSLI       -0.0595      0.056     -1.064      0.288      -0.169       0.050
PV5SSLI       -0.0313      0.053     -0.590      0.555      -0.135       0.073
PV7SSLI       -0.0814      0.057     -1.436      0.152      -0.193       0.030
PV8SSLI        0.0488      0.045      1.090      0.276      -0.039       0.137
PV9SSLI        0.0559      0.048      1.163      0.245      -0.038       0.150
PV10SSLI       0.1344      0.056      2.415      0.016       0.025       0.244
PV1SSES        0.0190      0.052      0.366      0.715      -0.083       0.121
PV4SSES        0.0117      0.055      0.213      0.831      -0.096       0.119
PV6SSES        0.0188      0.050      0.375      0.708      -0.080       0.117
PV7SSES        0.0732      0.053      1.393      0.164      -0.030       0.176
PV10SSES      -0.0962      0.049     -1.964      0.050      -0.192       4e-05
==============================================================================
Omnibus:                        1.373   Durbin-Watson:                   1.809
Prob(Omnibus):                  0.503   Jarque-Bera (JB):                1.244
Skew:                          -0.009   Prob(JB):                        0.537
Kurtosis:                       3.222   Cond. No.                     2.60e+04
==============================================================================

Notes:
[1] Standard Errors assume that the covariance matrix of the errors is correctly specified.
[2] The condition number is large, 2.6e+04. This might indicate that there are
strong multicollinearity or other numerical problems.