                            OLS Regression Results                            
==============================================================================
Dep. Variable:                   MATH   R-squared:                       0.817
Model:                            OLS   Adj. R-squared:                  0.798
Method:                 Least Squares   F-statistic:                     44.91
Date:                Mon, 24 Apr 2023   Prob (F-statistic):          2.04e-166
Time:                        23:38:37   Log-Likelihood:                -3000.4
No. Observations:                 600   AIC:                             6111.
Df Residuals:                     545   BIC:                             6353.
Df Model:                          54                                         
Covariance Type:            nonrobust                                         
==============================================================================
                 coef    std err          t      P>|t|      [0.025      0.975]
------------------------------------------------------------------------------
Intercept     47.6455     10.370      4.595      0.000      27.276      68.015
PV2READ        0.0057      0.038      0.153      0.879      -0.068       0.079
PV7READ       -0.0008      0.041     -0.020      0.984      -0.081       0.079
PV1SCIE        0.6095      0.059     10.417      0.000       0.495       0.724
PV3SCIE        0.0150      0.062      0.245      0.807      -0.106       0.136
PV5SCIE       -0.0315      0.060     -0.521      0.602      -0.150       0.087
PV7SCIE        0.0805      0.063      1.286      0.199      -0.042       0.203
PV8SCIE       -0.0110      0.061     -0.182      0.856      -0.130       0.108
PV2SCEP        0.0816      0.059      1.391      0.165      -0.034       0.197
PV6SCEP        0.0497      0.054      0.921      0.357      -0.056       0.156
PV7SCEP       -0.0773      0.058     -1.325      0.186      -0.192       0.037
PV10SCEP      -0.0029      0.058     -0.050      0.960      -0.116       0.111
PV1SCED        0.1789      0.044      4.065      0.000       0.092       0.265
PV2SCED       -0.0314      0.051     -0.615      0.539      -0.132       0.069
PV4SCED       -0.1327      0.046     -2.906      0.004      -0.222      -0.043
PV6SCED       -0.0580      0.045     -1.277      0.202      -0.147       0.031
PV7SCED        0.0665      0.049      1.371      0.171      -0.029       0.162
PV9SCED        0.0410      0.048      0.846      0.398      -0.054       0.136
PV1SCID       -0.0651      0.053     -1.217      0.224      -0.170       0.040
PV2SCID        0.0399      0.057      0.701      0.483      -0.072       0.152
PV7SCID       -0.0142      0.057     -0.249      0.804      -0.126       0.098
PV8SCID       -0.0795      0.046     -1.716      0.087      -0.170       0.012
PV9SCID        0.0161      0.052      0.309      0.757      -0.086       0.119
PV10SCID      -0.0250      0.054     -0.462      0.644      -0.131       0.081
PV2SKCO        0.0119      0.050      0.240      0.810      -0.086       0.110
PV3SKCO       -0.1535      0.056     -2.740      0.006      -0.263      -0.043
PV4SKCO        0.0917      0.059      1.545      0.123      -0.025       0.208
PV5SKCO       -0.0585      0.050     -1.179      0.239      -0.156       0.039
PV7SKCO       -0.1062      0.059     -1.798      0.073      -0.222       0.010
PV8SKCO       -0.0289      0.059     -0.493      0.622      -0.144       0.086
PV9SKCO        0.0169      0.049      0.342      0.732      -0.080       0.114
PV10SKCO       0.0150      0.048      0.311      0.756      -0.080       0.110
PV3SKPE        0.2468      0.063      3.940      0.000       0.124       0.370
PV4SKPE       -0.0318      0.060     -0.531      0.595      -0.149       0.086
PV6SKPE       -0.0223      0.054     -0.417      0.677      -0.127       0.083
PV7SKPE        0.0699      0.060      1.172      0.242      -0.047       0.187
PV8SKPE       -0.0010      0.060     -0.017      0.986      -0.118       0.116
PV2SSPH        0.0824      0.050      1.654      0.099      -0.015       0.180
PV4SSPH        0.1409      0.049      2.864      0.004       0.044       0.237
PV6SSPH       -0.0491      0.047     -1.056      0.291      -0.141       0.042
PV7SSPH        0.0152      0.050      0.307      0.759      -0.082       0.113
PV10SSPH       0.0492      0.052      0.951      0.342      -0.052       0.151
PV1SSLI       -0.0328      0.056     -0.587      0.558      -0.143       0.077
PV2SSLI       -0.0989      0.054     -1.834      0.067      -0.205       0.007
PV4SSLI       -0.0608      0.056     -1.094      0.274      -0.170       0.048
PV5SSLI       -0.0339      0.048     -0.710      0.478      -0.128       0.060
PV7SSLI       -0.0752      0.056     -1.335      0.182      -0.186       0.035
PV8SSLI        0.0545      0.045      1.222      0.222      -0.033       0.142
PV9SSLI        0.0572      0.048      1.200      0.231      -0.036       0.151
PV10SSLI       0.1281      0.055      2.325      0.020       0.020       0.236
PV1SSES        0.0121      0.052      0.233      0.816      -0.090       0.114
PV4SSES        0.0239      0.054      0.441      0.659      -0.082       0.130
PV6SSES        0.0059      0.050      0.119      0.906      -0.092       0.103
PV7SSES        0.0610      0.052      1.178      0.239      -0.041       0.163
PV10SSES      -0.0929      0.049     -1.906      0.057      -0.189       0.003
==============================================================================
Omnibus:                        1.628   Durbin-Watson:                   1.817
Prob(Omnibus):                  0.443   Jarque-Bera (JB):                1.525
Skew:                           0.030   Prob(JB):                        0.467
Kurtosis:                       3.240   Cond. No.                     2.48e+04
==============================================================================

Notes:
[1] Standard Errors assume that the covariance matrix of the errors is correctly specified.
[2] The condition number is large, 2.48e+04. This might indicate that there are
strong multicollinearity or other numerical problems.