                            OLS Regression Results                            
==============================================================================
Dep. Variable:                   MATH   R-squared:                       0.817
Model:                            OLS   Adj. R-squared:                  0.799
Method:                 Least Squares   F-statistic:                     44.19
Date:                Mon, 24 Apr 2023   Prob (F-statistic):          5.66e-166
Time:                        23:38:37   Log-Likelihood:                -2999.4
No. Observations:                 600   AIC:                             6111.
Df Residuals:                     544   BIC:                             6357.
Df Model:                          55                                         
Covariance Type:            nonrobust                                         
==============================================================================
                 coef    std err          t      P>|t|      [0.025      0.975]
------------------------------------------------------------------------------
Intercept     47.7880     10.362      4.612      0.000      27.433      68.143
PV2READ        0.0049      0.037      0.131      0.896      -0.069       0.079
PV7READ       -0.0005      0.041     -0.013      0.990      -0.081       0.080
PV1SCIE        0.5958      0.059     10.043      0.000       0.479       0.712
PV3SCIE        0.0085      0.062      0.138      0.890      -0.113       0.130
PV5SCIE       -0.0363      0.060     -0.600      0.548      -0.155       0.082
PV7SCIE        0.0818      0.063      1.308      0.192      -0.041       0.205
PV8SCIE       -0.0093      0.061     -0.153      0.879      -0.128       0.110
PV2SCEP        0.0844      0.059      1.439      0.151      -0.031       0.200
PV6SCEP        0.0481      0.054      0.892      0.373      -0.058       0.154
PV7SCEP       -0.0645      0.059     -1.091      0.276      -0.181       0.052
PV10SCEP      -0.0059      0.058     -0.102      0.919      -0.119       0.108
PV1SCED        0.1789      0.044      4.067      0.000       0.092       0.265
PV2SCED       -0.0412      0.052     -0.800      0.424      -0.143       0.060
PV4SCED       -0.1354      0.046     -2.964      0.003      -0.225      -0.046
PV5SCED        0.0574      0.043      1.348      0.178      -0.026       0.141
PV6SCED       -0.0581      0.045     -1.280      0.201      -0.147       0.031
PV7SCED        0.0571      0.049      1.166      0.244      -0.039       0.153
PV9SCED        0.0428      0.048      0.883      0.378      -0.052       0.138
PV1SCID       -0.0676      0.053     -1.264      0.207      -0.173       0.037
PV2SCID        0.0433      0.057      0.761      0.447      -0.068       0.155
PV7SCID       -0.0116      0.057     -0.203      0.839      -0.123       0.100
PV8SCID       -0.0773      0.046     -1.668      0.096      -0.168       0.014
PV9SCID        0.0136      0.052      0.260      0.795      -0.089       0.116
PV10SCID      -0.0255      0.054     -0.471      0.638      -0.132       0.081
PV2SKCO        0.0093      0.050      0.187      0.851      -0.088       0.107
PV3SKCO       -0.1635      0.056     -2.896      0.004      -0.274      -0.053
PV4SKCO        0.1005      0.060      1.685      0.093      -0.017       0.218
PV5SKCO       -0.0624      0.050     -1.256      0.210      -0.160       0.035
PV7SKCO       -0.1066      0.059     -1.806      0.072      -0.223       0.009
PV8SKCO       -0.0231      0.059     -0.392      0.695      -0.139       0.092
PV9SKCO        0.0160      0.049      0.324      0.746      -0.081       0.113
PV10SKCO       0.0159      0.048      0.331      0.741      -0.079       0.110
PV3SKPE        0.2521      0.063      4.020      0.000       0.129       0.375
PV4SKPE       -0.0368      0.060     -0.614      0.540      -0.154       0.081
PV6SKPE       -0.0304      0.054     -0.564      0.573      -0.136       0.075
PV7SKPE        0.0668      0.060      1.120      0.263      -0.050       0.184
PV8SKPE       -0.0090      0.060     -0.151      0.880      -0.127       0.109
PV2SSPH        0.0784      0.050      1.572      0.117      -0.020       0.176
PV4SSPH        0.1446      0.049      2.938      0.003       0.048       0.241
PV6SSPH       -0.0518      0.047     -1.114      0.266      -0.143       0.040
PV7SSPH        0.0151      0.050      0.304      0.761      -0.082       0.112
PV10SSPH       0.0464      0.052      0.897      0.370      -0.055       0.148
PV1SSLI       -0.0335      0.056     -0.599      0.549      -0.143       0.076
PV2SSLI       -0.0980      0.054     -1.820      0.069      -0.204       0.008
PV4SSLI       -0.0635      0.056     -1.142      0.254      -0.173       0.046
PV5SSLI       -0.0305      0.048     -0.639      0.523      -0.125       0.063
PV7SSLI       -0.0770      0.056     -1.368      0.172      -0.187       0.034
PV8SSLI        0.0540      0.045      1.211      0.226      -0.034       0.141
PV9SSLI        0.0555      0.048      1.163      0.245      -0.038       0.149
PV10SSLI       0.1282      0.055      2.329      0.020       0.020       0.236
PV1SSES        0.0119      0.052      0.230      0.818      -0.090       0.113
PV4SSES        0.0188      0.054      0.347      0.729      -0.088       0.125
PV6SSES        0.0075      0.050      0.150      0.881      -0.090       0.105
PV7SSES        0.0669      0.052      1.289      0.198      -0.035       0.169
PV10SSES      -0.0937      0.049     -1.924      0.055      -0.189       0.002
==============================================================================
Omnibus:                        1.399   Durbin-Watson:                   1.823
Prob(Omnibus):                  0.497   Jarque-Bera (JB):                1.275
Skew:                           0.007   Prob(JB):                        0.529
Kurtosis:                       3.225   Cond. No.                     2.50e+04
==============================================================================

Notes:
[1] Standard Errors assume that the covariance matrix of the errors is correctly specified.
[2] The condition number is large, 2.5e+04. This might indicate that there are
strong multicollinearity or other numerical problems.