                            OLS Regression Results                            
==============================================================================
Dep. Variable:                   MATH   R-squared:                       0.828
Model:                            OLS   Adj. R-squared:                  0.799
Method:                 Least Squares   F-statistic:                     29.06
Date:                Mon, 24 Apr 2023   Prob (F-statistic):          2.44e-149
Time:                        23:38:11   Log-Likelihood:                -2981.4
No. Observations:                 600   AIC:                             6135.
Df Residuals:                     514   BIC:                             6513.
Df Model:                          85                                         
Covariance Type:            nonrobust                                         
==============================================================================
                 coef    std err          t      P>|t|      [0.025      0.975]
------------------------------------------------------------------------------
Intercept     48.6047     10.737      4.527      0.000      27.511      69.699
PV2READ       -0.0028      0.043     -0.064      0.949      -0.087       0.082
PV6READ       -0.0439      0.044     -1.004      0.316      -0.130       0.042
PV7READ        0.0036      0.045      0.081      0.936      -0.085       0.092
PV8READ       -0.0351      0.046     -0.755      0.451      -0.126       0.056
PV9READ        0.0570      0.043      1.331      0.184      -0.027       0.141
PV1SCIE        0.6050      0.061      9.841      0.000       0.484       0.726
PV2SCIE        0.0601      0.066      0.916      0.360      -0.069       0.189
PV3SCIE        0.0105      0.064      0.166      0.869      -0.114       0.135
PV4SCIE       -0.0576      0.061     -0.939      0.348      -0.178       0.063
PV5SCIE       -0.0347      0.064     -0.545      0.586      -0.160       0.090
PV6SCIE        0.1172      0.064      1.832      0.068      -0.009       0.243
PV7SCIE        0.0663      0.065      1.015      0.311      -0.062       0.195
PV8SCIE        0.0219      0.066      0.331      0.741      -0.108       0.152
PV9SCIE       -0.0204      0.063     -0.327      0.744      -0.143       0.102
PV1SCEP       -0.0607      0.060     -1.004      0.316      -0.179       0.058
PV2SCEP        0.0999      0.061      1.625      0.105      -0.021       0.221
PV3SCEP       -0.0228      0.058     -0.395      0.693      -0.136       0.091
PV4SCEP       -0.0038      0.061     -0.062      0.950      -0.123       0.116
PV5SCEP       -0.0950      0.067     -1.410      0.159      -0.227       0.037
PV6SCEP        0.1067      0.060      1.770      0.077      -0.012       0.225
PV7SCEP       -0.0979      0.064     -1.539      0.124      -0.223       0.027
PV9SCEP        0.1161      0.062      1.869      0.062      -0.006       0.238
PV10SCEP      -0.0169      0.062     -0.274      0.784      -0.138       0.104
PV1SCED        0.1765      0.048      3.643      0.000       0.081       0.272
PV2SCED       -0.0242      0.054     -0.447      0.655      -0.130       0.082
PV3SCED        0.0670      0.053      1.274      0.203      -0.036       0.170
PV4SCED       -0.1106      0.055     -2.025      0.043      -0.218      -0.003
PV5SCED        0.0787      0.055      1.421      0.156      -0.030       0.187
PV6SCED       -0.0534      0.051     -1.047      0.295      -0.154       0.047
PV7SCED        0.0506      0.052      0.973      0.331      -0.052       0.153
PV8SCED       -0.0491      0.047     -1.049      0.294      -0.141       0.043
PV9SCED        0.0044      0.052      0.084      0.933      -0.098       0.106
PV10SCED       0.0429      0.052      0.825      0.409      -0.059       0.145
PV1SCID       -0.0463      0.061     -0.762      0.446      -0.166       0.073
PV2SCID        0.0396      0.059      0.672      0.502      -0.076       0.156
PV3SCID       -0.0055      0.063     -0.088      0.930      -0.129       0.117
PV4SCID       -0.0228      0.057     -0.402      0.688      -0.134       0.089
PV5SCID        0.0882      0.060      1.474      0.141      -0.029       0.206
PV6SCID       -0.0924      0.063     -1.473      0.141      -0.216       0.031
PV7SCID        0.0521      0.062      0.841      0.401      -0.070       0.174
PV8SCID       -0.0554      0.053     -1.048      0.295      -0.159       0.048
PV9SCID       -0.0268      0.059     -0.453      0.651      -0.143       0.089
PV10SCID      -0.0606      0.059     -1.035      0.301      -0.176       0.054
PV1SKCO       -0.0248      0.061     -0.408      0.683      -0.144       0.095
PV2SKCO        0.0164      0.052      0.317      0.751      -0.085       0.118
PV3SKCO       -0.1485      0.060     -2.485      0.013      -0.266      -0.031
PV4SKCO        0.1294      0.063      2.066      0.039       0.006       0.252
PV5SKCO       -0.0714      0.063     -1.136      0.256      -0.195       0.052
PV6SKCO        0.0521      0.061      0.859      0.391      -0.067       0.171
PV7SKCO       -0.1541      0.062     -2.488      0.013      -0.276      -0.032
PV8SKCO       -0.0274      0.061     -0.447      0.655      -0.148       0.093
PV9SKCO        0.0063      0.052      0.121      0.904      -0.095       0.108
PV10SKCO       0.0482      0.060      0.798      0.425      -0.070       0.167
PV1SKPE       -0.0186      0.067     -0.276      0.782      -0.151       0.114
PV3SKPE        0.2328      0.067      3.458      0.001       0.101       0.365
PV4SKPE       -0.0532      0.062     -0.853      0.394      -0.176       0.069
PV5SKPE        0.0622      0.066      0.940      0.348      -0.068       0.192
PV6SKPE       -0.0805      0.065     -1.229      0.219      -0.209       0.048
PV7SKPE        0.1025      0.064      1.608      0.108      -0.023       0.228
PV8SKPE       -0.0076      0.063     -0.122      0.903      -0.131       0.115
PV10SKPE      -0.0359      0.064     -0.564      0.573      -0.161       0.089
PV2SSPH        0.0522      0.052      1.002      0.317      -0.050       0.154
PV4SSPH        0.1550      0.051      3.011      0.003       0.054       0.256
PV5SSPH       -0.0420      0.049     -0.854      0.394      -0.139       0.055
PV6SSPH       -0.0642      0.050     -1.274      0.203      -0.163       0.035
PV7SSPH        0.0075      0.052      0.144      0.885      -0.094       0.109
PV8SSPH       -0.0580      0.053     -1.090      0.276      -0.162       0.047
PV9SSPH        0.0650      0.047      1.375      0.170      -0.028       0.158
PV10SSPH       0.0432      0.054      0.803      0.422      -0.062       0.149
PV1SSLI       -0.0213      0.060     -0.356      0.722      -0.139       0.096
PV2SSLI       -0.1084      0.056     -1.929      0.054      -0.219       0.002
PV3SSLI       -0.0842      0.058     -1.450      0.148      -0.198       0.030
PV4SSLI       -0.0629      0.058     -1.085      0.278      -0.177       0.051
PV5SSLI        0.0069      0.056      0.123      0.902      -0.103       0.117
PV6SSLI       -0.0010      0.058     -0.017      0.986      -0.114       0.112
PV7SSLI       -0.0588      0.059     -0.998      0.319      -0.175       0.057
PV8SSLI        0.0728      0.055      1.332      0.183      -0.035       0.180
PV9SSLI        0.0418      0.056      0.750      0.454      -0.068       0.151
PV10SSLI       0.1211      0.057      2.124      0.034       0.009       0.233
PV1SSES        0.0304      0.056      0.545      0.586      -0.079       0.140
PV3SSES       -0.0475      0.052     -0.909      0.364      -0.150       0.055
PV4SSES       -0.0006      0.057     -0.011      0.991      -0.112       0.111
PV6SSES        0.0165      0.055      0.300      0.764      -0.092       0.125
PV7SSES        0.0667      0.054      1.246      0.213      -0.038       0.172
PV10SSES      -0.0917      0.051     -1.803      0.072      -0.192       0.008
==============================================================================
Omnibus:                        5.299   Durbin-Watson:                   1.799
Prob(Omnibus):                  0.071   Jarque-Bera (JB):                6.888
Skew:                           0.033   Prob(JB):                       0.0319
Kurtosis:                       3.521   Cond. No.                     3.23e+04
==============================================================================

Notes:
[1] Standard Errors assume that the covariance matrix of the errors is correctly specified.
[2] The condition number is large, 3.23e+04. This might indicate that there are
strong multicollinearity or other numerical problems.