                            OLS Regression Results                            
==============================================================================
Dep. Variable:                   MATH   R-squared:                       0.823
Model:                            OLS   Adj. R-squared:                  0.799
Method:                 Least Squares   F-statistic:                     34.01
Date:                Mon, 24 Apr 2023   Prob (F-statistic):          4.49e-156
Time:                        23:38:24   Log-Likelihood:                -2989.8
No. Observations:                 600   AIC:                             6126.
Df Residuals:                     527   BIC:                             6447.
Df Model:                          72                                         
Covariance Type:            nonrobust                                         
==============================================================================
                 coef    std err          t      P>|t|      [0.025      0.975]
------------------------------------------------------------------------------
Intercept     48.1005     10.603      4.536      0.000      27.270      68.931
PV2READ       -0.0056      0.042     -0.135      0.892      -0.087       0.076
PV7READ       -0.0258      0.043     -0.602      0.548      -0.110       0.059
PV9READ        0.0447      0.038      1.181      0.238      -0.030       0.119
PV1SCIE        0.5950      0.060      9.913      0.000       0.477       0.713
PV2SCIE        0.0586      0.064      0.909      0.364      -0.068       0.185
PV3SCIE        0.0230      0.063      0.367      0.713      -0.100       0.146
PV4SCIE       -0.0564      0.061     -0.929      0.354      -0.176       0.063
PV5SCIE       -0.0277      0.062     -0.446      0.656      -0.149       0.094
PV7SCIE        0.0838      0.063      1.321      0.187      -0.041       0.208
PV8SCIE        0.0065      0.062      0.106      0.916      -0.115       0.128
PV1SCEP       -0.0557      0.059     -0.937      0.349      -0.172       0.061
PV2SCEP        0.0898      0.060      1.490      0.137      -0.029       0.208
PV4SCEP       -0.0066      0.056     -0.117      0.907      -0.117       0.104
PV6SCEP        0.1006      0.059      1.700      0.090      -0.016       0.217
PV7SCEP       -0.0743      0.061     -1.216      0.225      -0.194       0.046
PV10SCEP      -0.0009      0.059     -0.015      0.988      -0.117       0.115
PV1SCED        0.1789      0.047      3.791      0.000       0.086       0.272
PV2SCED       -0.0320      0.053     -0.601      0.548      -0.137       0.073
PV3SCED        0.0769      0.051      1.520      0.129      -0.022       0.176
PV4SCED       -0.1262      0.051     -2.498      0.013      -0.225      -0.027
PV5SCED        0.0632      0.044      1.448      0.148      -0.023       0.149
PV6SCED       -0.0515      0.050     -1.036      0.301      -0.149       0.046
PV7SCED        0.0517      0.051      1.020      0.308      -0.048       0.151
PV8SCED       -0.0553      0.046     -1.212      0.226      -0.145       0.034
PV9SCED        0.0331      0.049      0.676      0.499      -0.063       0.129
PV1SCID       -0.0429      0.059     -0.727      0.468      -0.159       0.073
PV2SCID        0.0498      0.058      0.856      0.392      -0.065       0.164
PV3SCID       -0.0232      0.057     -0.404      0.687      -0.136       0.090
PV6SCID       -0.0861      0.062     -1.399      0.162      -0.207       0.035
PV7SCID        0.0203      0.060      0.340      0.734      -0.097       0.138
PV8SCID       -0.0565      0.051     -1.099      0.272      -0.157       0.044
PV9SCID        0.0253      0.053      0.476      0.634      -0.079       0.130
PV10SCID      -0.0413      0.055     -0.744      0.457      -0.150       0.068
PV1SKCO       -0.0013      0.059     -0.022      0.982      -0.117       0.115
PV2SKCO        0.0150      0.051      0.292      0.770      -0.086       0.116
PV3SKCO       -0.1473      0.058     -2.544      0.011      -0.261      -0.034
PV4SKCO        0.1167      0.061      1.905      0.057      -0.004       0.237
PV5SKCO       -0.0716      0.061     -1.169      0.243      -0.192       0.049
PV7SKCO       -0.1303      0.061     -2.134      0.033      -0.250      -0.010
PV8SKCO       -0.0311      0.060     -0.516      0.606      -0.150       0.087
PV9SKCO        0.0109      0.051      0.214      0.831      -0.089       0.111
PV10SKCO       0.0345      0.059      0.581      0.561      -0.082       0.151
PV1SKPE       -0.0421      0.066     -0.637      0.524      -0.172       0.088
PV3SKPE        0.2479      0.065      3.795      0.000       0.120       0.376
PV4SKPE       -0.0370      0.061     -0.605      0.545      -0.157       0.083
PV5SKPE        0.0468      0.065      0.719      0.472      -0.081       0.175
PV6SKPE       -0.0428      0.055     -0.779      0.436      -0.151       0.065
PV7SKPE        0.0870      0.062      1.410      0.159      -0.034       0.208
PV8SKPE        0.0019      0.062      0.031      0.976      -0.119       0.123
PV10SKPE      -0.0146      0.062     -0.236      0.814      -0.137       0.107
PV2SSPH        0.0689      0.051      1.347      0.178      -0.032       0.169
PV4SSPH        0.1501      0.050      2.980      0.003       0.051       0.249
PV5SSPH       -0.0261      0.049     -0.539      0.590      -0.121       0.069
PV6SSPH       -0.0696      0.048     -1.456      0.146      -0.163       0.024
PV7SSPH        0.0115      0.051      0.225      0.822      -0.089       0.112
PV8SSPH       -0.0490      0.052     -0.935      0.350      -0.152       0.054
PV9SSPH        0.0797      0.046      1.719      0.086      -0.011       0.171
PV10SSPH       0.0441      0.053      0.832      0.406      -0.060       0.148
PV1SSLI       -0.0428      0.058     -0.744      0.457      -0.156       0.070
PV2SSLI       -0.1051      0.055     -1.897      0.058      -0.214       0.004
PV4SSLI       -0.0563      0.057     -0.987      0.324      -0.168       0.056
PV5SSLI       -0.0142      0.054     -0.262      0.793      -0.120       0.092
PV7SSLI       -0.0715      0.058     -1.237      0.217      -0.185       0.042
PV8SSLI        0.0745      0.054      1.387      0.166      -0.031       0.180
PV9SSLI        0.0213      0.054      0.392      0.695      -0.085       0.128
PV10SSLI       0.1320      0.056      2.351      0.019       0.022       0.242
PV1SSES        0.0408      0.054      0.755      0.450      -0.065       0.147
PV3SSES       -0.0763      0.045     -1.691      0.091      -0.165       0.012
PV4SSES        0.0009      0.056      0.016      0.987      -0.108       0.110
PV6SSES        0.0227      0.051      0.446      0.656      -0.077       0.123
PV7SSES        0.0710      0.053      1.334      0.183      -0.034       0.176
PV10SSES      -0.0905      0.050     -1.818      0.070      -0.188       0.007
==============================================================================
Omnibus:                        2.285   Durbin-Watson:                   1.782
Prob(Omnibus):                  0.319   Jarque-Bera (JB):                2.330
Skew:                          -0.033   Prob(JB):                        0.312
Kurtosis:                       3.298   Cond. No.                     2.93e+04
==============================================================================

Notes:
[1] Standard Errors assume that the covariance matrix of the errors is correctly specified.
[2] The condition number is large, 2.93e+04. This might indicate that there are
strong multicollinearity or other numerical problems.