                            OLS Regression Results                            
==============================================================================
Dep. Variable:                   MATH   R-squared:                       0.822
Model:                            OLS   Adj. R-squared:                  0.799
Method:                 Least Squares   F-statistic:                     35.53
Date:                Mon, 24 Apr 2023   Prob (F-statistic):          5.72e-158
Time:                        23:38:26   Log-Likelihood:                -2990.9
No. Observations:                 600   AIC:                             6122.
Df Residuals:                     530   BIC:                             6430.
Df Model:                          69                                         
Covariance Type:            nonrobust                                         
==============================================================================
                 coef    std err          t      P>|t|      [0.025      0.975]
------------------------------------------------------------------------------
Intercept     47.3571     10.566      4.482      0.000      26.602      68.113
PV2READ        0.0068      0.039      0.174      0.862      -0.070       0.084
PV7READ       -0.0253      0.043     -0.591      0.555      -0.109       0.059
PV9READ        0.0413      0.038      1.097      0.273      -0.033       0.115
PV1SCIE        0.6000      0.060     10.036      0.000       0.483       0.717
PV3SCIE        0.0193      0.062      0.309      0.757      -0.103       0.142
PV4SCIE       -0.0528      0.060     -0.876      0.382      -0.171       0.066
PV5SCIE       -0.0291      0.062     -0.471      0.638      -0.150       0.092
PV7SCIE        0.0843      0.063      1.332      0.183      -0.040       0.209
PV8SCIE        0.0094      0.061      0.153      0.879      -0.111       0.130
PV2SCEP        0.0853      0.060      1.427      0.154      -0.032       0.203
PV4SCEP       -0.0046      0.056     -0.083      0.934      -0.114       0.105
PV6SCEP        0.0943      0.059      1.599      0.110      -0.022       0.210
PV7SCEP       -0.0704      0.061     -1.163      0.246      -0.189       0.049
PV10SCEP      -0.0075      0.059     -0.129      0.898      -0.123       0.108
PV1SCED        0.1645      0.045      3.645      0.000       0.076       0.253
PV2SCED       -0.0363      0.053     -0.686      0.493      -0.140       0.068
PV3SCED        0.0810      0.050      1.608      0.108      -0.018       0.180
PV4SCED       -0.1287      0.050     -2.573      0.010      -0.227      -0.030
PV5SCED        0.0655      0.044      1.501      0.134      -0.020       0.151
PV6SCED       -0.0448      0.049     -0.908      0.364      -0.142       0.052
PV7SCED        0.0512      0.051      1.014      0.311      -0.048       0.150
PV8SCED       -0.0574      0.045     -1.262      0.207      -0.147       0.032
PV9SCED        0.0347      0.049      0.709      0.479      -0.061       0.131
PV1SCID       -0.0641      0.055     -1.160      0.247      -0.173       0.045
PV2SCID        0.0501      0.058      0.863      0.389      -0.064       0.164
PV3SCID       -0.0244      0.057     -0.427      0.670      -0.137       0.088
PV6SCID       -0.0835      0.061     -1.363      0.173      -0.204       0.037
PV7SCID        0.0167      0.060      0.281      0.779      -0.100       0.134
PV8SCID       -0.0563      0.051     -1.097      0.273      -0.157       0.045
PV9SCID        0.0229      0.053      0.433      0.665      -0.081       0.127
PV10SCID      -0.0335      0.055     -0.610      0.542      -0.141       0.074
PV1SKCO       -0.0216      0.050     -0.436      0.663      -0.119       0.076
PV2SKCO        0.0164      0.051      0.322      0.748      -0.084       0.116
PV3SKCO       -0.1430      0.058     -2.480      0.013      -0.256      -0.030
PV4SKCO        0.1124      0.061      1.844      0.066      -0.007       0.232
PV5SKCO       -0.0748      0.061     -1.224      0.222      -0.195       0.045
PV7SKCO       -0.1270      0.060     -2.104      0.036      -0.245      -0.008
PV8SKCO       -0.0280      0.060     -0.469      0.639      -0.146       0.089
PV9SKCO        0.0143      0.051      0.283      0.777      -0.085       0.114
PV10SKCO       0.0402      0.059      0.682      0.496      -0.075       0.156
PV3SKPE        0.2418      0.065      3.716      0.000       0.114       0.370
PV4SKPE       -0.0391      0.061     -0.644      0.520      -0.158       0.080
PV5SKPE        0.0455      0.065      0.701      0.484      -0.082       0.173
PV6SKPE       -0.0371      0.055     -0.678      0.498      -0.145       0.070
PV7SKPE        0.0881      0.061      1.436      0.152      -0.032       0.209
PV8SKPE       -0.0038      0.061     -0.063      0.950      -0.124       0.117
PV10SKPE      -0.0194      0.062     -0.315      0.753      -0.141       0.102
PV2SSPH        0.0656      0.051      1.284      0.200      -0.035       0.166
PV4SSPH        0.1556      0.050      3.102      0.002       0.057       0.254
PV5SSPH       -0.0229      0.048     -0.473      0.637      -0.118       0.072
PV6SSPH       -0.0663      0.048     -1.391      0.165      -0.160       0.027
PV7SSPH        0.0077      0.051      0.152      0.879      -0.092       0.107
PV8SSPH       -0.0501      0.052     -0.963      0.336      -0.152       0.052
PV9SSPH        0.0754      0.046      1.633      0.103      -0.015       0.166
PV10SSPH       0.0428      0.053      0.814      0.416      -0.061       0.146
PV1SSLI       -0.0353      0.057     -0.617      0.537      -0.148       0.077
PV2SSLI       -0.1058      0.055     -1.933      0.054      -0.213       0.002
PV4SSLI       -0.0606      0.057     -1.070      0.285      -0.172       0.051
PV5SSLI       -0.0212      0.054     -0.395      0.693      -0.127       0.084
PV7SSLI       -0.0721      0.058     -1.250      0.212      -0.185       0.041
PV8SSLI        0.0736      0.053      1.385      0.167      -0.031       0.178
PV9SSLI        0.0244      0.054      0.454      0.650      -0.081       0.130
PV10SSLI       0.1351      0.056      2.414      0.016       0.025       0.245
PV1SSES        0.0330      0.053      0.617      0.538      -0.072       0.138
PV3SSES       -0.0763      0.045     -1.697      0.090      -0.165       0.012
PV4SSES        0.0090      0.055      0.163      0.871      -0.100       0.117
PV6SSES        0.0224      0.051      0.443      0.658      -0.077       0.122
PV7SSES        0.0748      0.053      1.413      0.158      -0.029       0.179
PV10SSES      -0.0892      0.050     -1.794      0.073      -0.187       0.008
==============================================================================
Omnibus:                        2.370   Durbin-Watson:                   1.790
Prob(Omnibus):                  0.306   Jarque-Bera (JB):                2.432
Skew:                          -0.036   Prob(JB):                        0.296
Kurtosis:                       3.303   Cond. No.                     2.86e+04
==============================================================================

Notes:
[1] Standard Errors assume that the covariance matrix of the errors is correctly specified.
[2] The condition number is large, 2.86e+04. This might indicate that there are
strong multicollinearity or other numerical problems.