                            OLS Regression Results                            
==============================================================================
Dep. Variable:                   MATH   R-squared:                       0.817
Model:                            OLS   Adj. R-squared:                  0.798
Method:                 Least Squares   F-statistic:                     42.50
Date:                Mon, 24 Apr 2023   Prob (F-statistic):          2.38e-164
Time:                        23:38:36   Log-Likelihood:                -2999.4
No. Observations:                 600   AIC:                             6115.
Df Residuals:                     542   BIC:                             6370.
Df Model:                          57                                         
Covariance Type:            nonrobust                                         
==============================================================================
                 coef    std err          t      P>|t|      [0.025      0.975]
------------------------------------------------------------------------------
Intercept     47.9257     10.389      4.613      0.000      27.518      68.334
PV2READ        0.0048      0.038      0.128      0.898      -0.069       0.079
PV7READ       -0.0013      0.041     -0.031      0.975      -0.082       0.079
PV1SCIE        0.5953      0.060     10.003      0.000       0.478       0.712
PV3SCIE        0.0092      0.062      0.148      0.883      -0.113       0.131
PV5SCIE       -0.0356      0.061     -0.587      0.558      -0.155       0.083
PV7SCIE        0.0822      0.063      1.312      0.190      -0.041       0.205
PV8SCIE       -0.0076      0.061     -0.125      0.901      -0.127       0.112
PV2SCEP        0.0843      0.059      1.433      0.152      -0.031       0.200
PV6SCEP        0.0483      0.054      0.894      0.372      -0.058       0.155
PV7SCEP       -0.0641      0.059     -1.077      0.282      -0.181       0.053
PV10SCEP      -0.0050      0.058     -0.086      0.931      -0.119       0.109
PV1SCED        0.1788      0.044      4.057      0.000       0.092       0.265
PV2SCED       -0.0419      0.052     -0.806      0.420      -0.144       0.060
PV4SCED       -0.1345      0.046     -2.936      0.003      -0.225      -0.045
PV5SCED        0.0586      0.043      1.368      0.172      -0.026       0.143
PV6SCED       -0.0577      0.045     -1.269      0.205      -0.147       0.032
PV7SCED        0.0578      0.049      1.175      0.240      -0.039       0.155
PV9SCED        0.0427      0.049      0.879      0.380      -0.053       0.138
PV1SCID       -0.0666      0.054     -1.241      0.215      -0.172       0.039
PV2SCID        0.0426      0.057      0.743      0.458      -0.070       0.155
PV3SCID        0.0012      0.049      0.025      0.980      -0.094       0.097
PV7SCID       -0.0111      0.058     -0.190      0.850      -0.126       0.103
PV8SCID       -0.0773      0.046     -1.666      0.096      -0.169       0.014
PV9SCID        0.0138      0.053      0.261      0.794      -0.090       0.117
PV10SCID      -0.0266      0.054     -0.488      0.626      -0.134       0.080
PV2SKCO        0.0105      0.050      0.209      0.834      -0.088       0.109
PV3SKCO       -0.1624      0.057     -2.857      0.004      -0.274      -0.051
PV4SKCO        0.1007      0.060      1.685      0.092      -0.017       0.218
PV5SKCO       -0.0618      0.050     -1.242      0.215      -0.160       0.036
PV7SKCO       -0.1070      0.059     -1.808      0.071      -0.223       0.009
PV8SKCO       -0.0219      0.059     -0.371      0.711      -0.138       0.094
PV9SKCO        0.0159      0.049      0.322      0.748      -0.081       0.113
PV10SKCO       0.0164      0.048      0.340      0.734      -0.078       0.111
PV3SKPE        0.2524      0.064      3.971      0.000       0.128       0.377
PV4SKPE       -0.0365      0.060     -0.607      0.544      -0.155       0.082
PV6SKPE       -0.0303      0.054     -0.561      0.575      -0.136       0.076
PV7SKPE        0.0670      0.060      1.121      0.263      -0.050       0.184
PV8SKPE       -0.0102      0.060     -0.169      0.866      -0.128       0.108
PV2SSPH        0.0791      0.050      1.578      0.115      -0.019       0.178
PV4SSPH        0.1460      0.050      2.949      0.003       0.049       0.243
PV5SSPH       -0.0154      0.047     -0.325      0.745      -0.108       0.077
PV6SSPH       -0.0501      0.047     -1.069      0.286      -0.142       0.042
PV7SSPH        0.0158      0.050      0.318      0.751      -0.082       0.114
PV10SSPH       0.0466      0.052      0.899      0.369      -0.055       0.148
PV1SSLI       -0.0346      0.056     -0.616      0.538      -0.145       0.076
PV2SSLI       -0.0978      0.054     -1.812      0.071      -0.204       0.008
PV4SSLI       -0.0648      0.056     -1.160      0.247      -0.175       0.045
PV5SSLI       -0.0234      0.053     -0.442      0.659      -0.127       0.080
PV7SSLI       -0.0782      0.057     -1.384      0.167      -0.189       0.033
PV8SSLI        0.0528      0.045      1.178      0.239      -0.035       0.141
PV9SSLI        0.0542      0.048      1.129      0.259      -0.040       0.149
PV10SSLI       0.1268      0.055      2.290      0.022       0.018       0.235
PV1SSES        0.0110      0.052      0.213      0.832      -0.091       0.113
PV4SSES        0.0176      0.055      0.323      0.747      -0.090       0.125
PV6SSES        0.0070      0.050      0.141      0.888      -0.091       0.105
PV7SSES        0.0679      0.052      1.301      0.194      -0.035       0.170
PV10SSES      -0.0924      0.049     -1.887      0.060      -0.189       0.004
==============================================================================
Omnibus:                        1.368   Durbin-Watson:                   1.824
Prob(Omnibus):                  0.505   Jarque-Bera (JB):                1.238
Skew:                           0.009   Prob(JB):                        0.538
Kurtosis:                       3.222   Cond. No.                     2.55e+04
==============================================================================

Notes:
[1] Standard Errors assume that the covariance matrix of the errors is correctly specified.
[2] The condition number is large, 2.55e+04. This might indicate that there are
strong multicollinearity or other numerical problems.