                            OLS Regression Results                            
==============================================================================
Dep. Variable:                   MATH   R-squared:                       0.819
Model:                            OLS   Adj. R-squared:                  0.799
Method:                 Least Squares   F-statistic:                     40.60
Date:                Mon, 24 Apr 2023   Prob (F-statistic):          5.80e-163
Time:                        23:38:34   Log-Likelihood:                -2996.6
No. Observations:                 600   AIC:                             6115.
Df Residuals:                     539   BIC:                             6383.
Df Model:                          60                                         
Covariance Type:            nonrobust                                         
==============================================================================
                 coef    std err          t      P>|t|      [0.025      0.975]
------------------------------------------------------------------------------
Intercept     46.6127     10.389      4.487      0.000      26.206      67.020
PV2READ        0.0042      0.038      0.112      0.911      -0.070       0.078
PV7READ       -0.0018      0.041     -0.043      0.966      -0.082       0.079
PV1SCIE        0.5991      0.059     10.077      0.000       0.482       0.716
PV3SCIE        0.0164      0.062      0.264      0.792      -0.106       0.139
PV5SCIE       -0.0435      0.061     -0.715      0.475      -0.163       0.076
PV7SCIE        0.0699      0.063      1.113      0.266      -0.053       0.193
PV8SCIE       -0.0073      0.061     -0.119      0.905      -0.127       0.112
PV2SCEP        0.0885      0.059      1.487      0.138      -0.028       0.205
PV6SCEP        0.0476      0.054      0.875      0.382      -0.059       0.154
PV7SCEP       -0.0590      0.059     -0.994      0.321      -0.176       0.058
PV10SCEP      -0.0055      0.058     -0.095      0.924      -0.120       0.109
PV1SCED        0.1712      0.044      3.850      0.000       0.084       0.258
PV2SCED       -0.0425      0.053     -0.810      0.419      -0.146       0.061
PV3SCED        0.0912      0.050      1.820      0.069      -0.007       0.190
PV4SCED       -0.1300      0.046     -2.832      0.005      -0.220      -0.040
PV5SCED        0.0565      0.043      1.303      0.193      -0.029       0.142
PV6SCED       -0.0633      0.045     -1.392      0.165      -0.153       0.026
PV7SCED        0.0560      0.050      1.123      0.262      -0.042       0.154
PV8SCED       -0.0572      0.045     -1.275      0.203      -0.145       0.031
PV9SCED        0.0467      0.049      0.959      0.338      -0.049       0.142
PV1SCID       -0.0684      0.054     -1.275      0.203      -0.174       0.037
PV2SCID        0.0472      0.057      0.822      0.411      -0.066       0.160
PV3SCID       -0.0534      0.056     -0.956      0.340      -0.163       0.056
PV7SCID       -0.0035      0.058     -0.060      0.952      -0.118       0.111
PV8SCID       -0.0595      0.050     -1.191      0.234      -0.158       0.039
PV9SCID        0.0191      0.053      0.361      0.719      -0.085       0.123
PV10SCID      -0.0269      0.055     -0.493      0.622      -0.134       0.080
PV1SKCO       -0.0258      0.049     -0.526      0.599      -0.122       0.071
PV2SKCO        0.0161      0.050      0.320      0.749      -0.083       0.115
PV3SKCO       -0.1540      0.057     -2.700      0.007      -0.266      -0.042
PV4SKCO        0.1100      0.060      1.832      0.068      -0.008       0.228
PV5SKCO       -0.0528      0.050     -1.059      0.290      -0.151       0.045
PV7SKCO       -0.1128      0.060     -1.896      0.059      -0.230       0.004
PV8SKCO       -0.0260      0.059     -0.440      0.660      -0.142       0.090
PV9SKCO        0.0203      0.050      0.408      0.684      -0.077       0.118
PV10SKCO       0.0194      0.048      0.403      0.687      -0.075       0.114
PV3SKPE        0.2466      0.064      3.881      0.000       0.122       0.371
PV4SKPE       -0.0371      0.060     -0.617      0.538      -0.155       0.081
PV6SKPE       -0.0249      0.054     -0.459      0.646      -0.131       0.081
PV7SKPE        0.0769      0.060      1.284      0.200      -0.041       0.195
PV8SKPE       -0.0093      0.060     -0.154      0.878      -0.128       0.109
PV2SSPH        0.0756      0.050      1.502      0.134      -0.023       0.175
PV4SSPH        0.1450      0.050      2.927      0.004       0.048       0.242
PV5SSPH       -0.0207      0.047     -0.437      0.662      -0.114       0.072
PV6SSPH       -0.0566      0.047     -1.204      0.229      -0.149       0.036
PV7SSPH        0.0153      0.050      0.307      0.759      -0.082       0.113
PV10SSPH       0.0485      0.052      0.935      0.350      -0.053       0.150
PV1SSLI       -0.0370      0.056     -0.659      0.510      -0.147       0.073
PV2SSLI       -0.1040      0.054     -1.910      0.057      -0.211       0.003
PV4SSLI       -0.0541      0.056     -0.965      0.335      -0.164       0.056
PV5SSLI       -0.0329      0.053     -0.622      0.534      -0.137       0.071
PV7SSLI       -0.0812      0.057     -1.434      0.152      -0.192       0.030
PV8SSLI        0.0484      0.045      1.081      0.280      -0.040       0.136
PV9SSLI        0.0544      0.048      1.134      0.257      -0.040       0.149
PV10SSLI       0.1360      0.056      2.445      0.015       0.027       0.245
PV1SSES        0.0170      0.052      0.327      0.744      -0.085       0.119
PV4SSES        0.0123      0.055      0.225      0.822      -0.095       0.120
PV6SSES        0.0153      0.050      0.305      0.760      -0.083       0.114
PV7SSES        0.0714      0.053      1.360      0.174      -0.032       0.175
PV10SSES      -0.0963      0.049     -1.967      0.050      -0.193      -0.000
==============================================================================
Omnibus:                        1.342   Durbin-Watson:                   1.816
Prob(Omnibus):                  0.511   Jarque-Bera (JB):                1.209
Skew:                          -0.010   Prob(JB):                        0.546
Kurtosis:                       3.219   Cond. No.                     2.62e+04
==============================================================================

Notes:
[1] Standard Errors assume that the covariance matrix of the errors is correctly specified.
[2] The condition number is large, 2.62e+04. This might indicate that there are
strong multicollinearity or other numerical problems.