                            OLS Regression Results                            
==============================================================================
Dep. Variable:                   MATH   R-squared:                       0.821
Model:                            OLS   Adj. R-squared:                  0.799
Method:                 Least Squares   F-statistic:                     37.16
Date:                Mon, 24 Apr 2023   Prob (F-statistic):          7.63e-160
Time:                        23:38:29   Log-Likelihood:                -2992.2
No. Observations:                 600   AIC:                             6118.
Df Residuals:                     533   BIC:                             6413.
Df Model:                          66                                         
Covariance Type:            nonrobust                                         
==============================================================================
                 coef    std err          t      P>|t|      [0.025      0.975]
------------------------------------------------------------------------------
Intercept     48.3630     10.500      4.606      0.000      27.736      68.990
PV2READ        0.0123      0.038      0.324      0.746      -0.062       0.087
PV7READ       -0.0096      0.041     -0.233      0.816      -0.090       0.071
PV1SCIE        0.5939      0.060      9.972      0.000       0.477       0.711
PV3SCIE        0.0188      0.062      0.302      0.763      -0.104       0.141
PV4SCIE       -0.0536      0.060     -0.891      0.373      -0.172       0.065
PV5SCIE       -0.0244      0.061     -0.397      0.691      -0.145       0.096
PV7SCIE        0.0795      0.063      1.263      0.207      -0.044       0.203
PV8SCIE        0.0026      0.061      0.043      0.966      -0.117       0.123
PV2SCEP        0.0882      0.060      1.478      0.140      -0.029       0.205
PV4SCEP       -0.0014      0.056     -0.025      0.980      -0.111       0.108
PV6SCEP        0.0835      0.058      1.429      0.154      -0.031       0.198
PV7SCEP       -0.0654      0.060     -1.082      0.280      -0.184       0.053
PV10SCEP      -0.0057      0.059     -0.097      0.923      -0.121       0.109
PV1SCED        0.1608      0.045      3.581      0.000       0.073       0.249
PV2SCED       -0.0383      0.053     -0.728      0.467      -0.142       0.065
PV3SCED        0.0819      0.050      1.629      0.104      -0.017       0.181
PV4SCED       -0.1286      0.050     -2.594      0.010      -0.226      -0.031
PV5SCED        0.0649      0.044      1.492      0.136      -0.021       0.150
PV6SCED       -0.0431      0.049     -0.879      0.380      -0.139       0.053
PV7SCED        0.0515      0.050      1.021      0.307      -0.048       0.151
PV8SCED       -0.0570      0.045     -1.260      0.208      -0.146       0.032
PV9SCED        0.0355      0.049      0.728      0.467      -0.060       0.131
PV1SCID       -0.0588      0.055     -1.073      0.284      -0.166       0.049
PV2SCID        0.0471      0.058      0.816      0.415      -0.066       0.160
PV3SCID       -0.0261      0.057     -0.457      0.648      -0.138       0.086
PV6SCID       -0.0783      0.061     -1.284      0.200      -0.198       0.041
PV7SCID        0.0062      0.059      0.106      0.915      -0.109       0.122
PV8SCID       -0.0525      0.051     -1.037      0.300      -0.152       0.047
PV9SCID        0.0217      0.053      0.411      0.682      -0.082       0.126
PV10SCID      -0.0356      0.055     -0.649      0.516      -0.143       0.072
PV1SKCO       -0.0197      0.049     -0.401      0.689      -0.116       0.077
PV2SKCO        0.0162      0.051      0.319      0.750      -0.084       0.116
PV3SKCO       -0.1455      0.057     -2.534      0.012      -0.258      -0.033
PV4SKCO        0.1126      0.060      1.866      0.063      -0.006       0.231
PV5SKCO       -0.0785      0.061     -1.291      0.197      -0.198       0.041
PV7SKCO       -0.1216      0.060     -2.028      0.043      -0.239      -0.004
PV8SKCO       -0.0243      0.060     -0.408      0.683      -0.141       0.093
PV9SKCO        0.0120      0.050      0.238      0.812      -0.087       0.111
PV10SKCO       0.0278      0.048      0.574      0.566      -0.067       0.123
PV3SKPE        0.2467      0.064      3.826      0.000       0.120       0.373
PV4SKPE       -0.0344      0.061     -0.568      0.570      -0.153       0.085
PV5SKPE        0.0499      0.065      0.773      0.440      -0.077       0.177
PV6SKPE       -0.0364      0.055     -0.666      0.506      -0.144       0.071
PV7SKPE        0.0771      0.061      1.274      0.203      -0.042       0.196
PV8SKPE       -0.0035      0.061     -0.057      0.955      -0.123       0.116
PV2SSPH        0.0661      0.051      1.298      0.195      -0.034       0.166
PV4SSPH        0.1498      0.050      3.001      0.003       0.052       0.248
PV5SSPH       -0.0249      0.048     -0.520      0.604      -0.119       0.069
PV6SSPH       -0.0660      0.047     -1.395      0.164      -0.159       0.027
PV7SSPH        0.0046      0.050      0.091      0.928      -0.095       0.104
PV9SSPH        0.0686      0.045      1.524      0.128      -0.020       0.157
PV10SSPH       0.0377      0.052      0.720      0.472      -0.065       0.141
PV1SSLI       -0.0303      0.057     -0.531      0.596      -0.142       0.082
PV2SSLI       -0.1029      0.055     -1.884      0.060      -0.210       0.004
PV4SSLI       -0.0639      0.057     -1.131      0.259      -0.175       0.047
PV5SSLI       -0.0226      0.053     -0.425      0.671      -0.127       0.082
PV7SSLI       -0.0722      0.057     -1.257      0.209      -0.185       0.041
PV8SSLI        0.0460      0.045      1.019      0.309      -0.043       0.135
PV9SSLI        0.0293      0.053      0.551      0.582      -0.075       0.134
PV10SSLI       0.1367      0.056      2.447      0.015       0.027       0.246
PV1SSES        0.0270      0.053      0.507      0.612      -0.078       0.132
PV3SSES       -0.0750      0.045     -1.670      0.096      -0.163       0.013
PV4SSES        0.0131      0.055      0.237      0.812      -0.095       0.121
PV6SSES        0.0228      0.051      0.451      0.652      -0.076       0.122
PV7SSES        0.0814      0.053      1.544      0.123      -0.022       0.185
PV10SSES      -0.0831      0.049     -1.684      0.093      -0.180       0.014
==============================================================================
Omnibus:                        1.351   Durbin-Watson:                   1.800
Prob(Omnibus):                  0.509   Jarque-Bera (JB):                1.205
Skew:                          -0.031   Prob(JB):                        0.547
Kurtosis:                       3.211   Cond. No.                     2.78e+04
==============================================================================

Notes:
[1] Standard Errors assume that the covariance matrix of the errors is correctly specified.
[2] The condition number is large, 2.78e+04. This might indicate that there are
strong multicollinearity or other numerical problems.