                            OLS Regression Results                            
==============================================================================
Dep. Variable:                   MATH   R-squared:                       0.832
Model:                            OLS   Adj. R-squared:                  0.799
Method:                 Least Squares   F-statistic:                     25.57
Date:                Mon, 24 Apr 2023   Prob (F-statistic):          3.73e-143
Time:                        23:37:56   Log-Likelihood:                -2974.5
No. Observations:                 600   AIC:                             6145.
Df Residuals:                     502   BIC:                             6576.
Df Model:                          97                                         
Covariance Type:            nonrobust                                         
==============================================================================
                 coef    std err          t      P>|t|      [0.025      0.975]
------------------------------------------------------------------------------
Intercept     44.6698     11.120      4.017      0.000      22.823      66.517
PV1READ        0.0578      0.047      1.232      0.218      -0.034       0.150
PV2READ       -0.0343      0.045     -0.757      0.449      -0.123       0.055
PV3READ       -0.0059      0.050     -0.119      0.906      -0.103       0.091
PV4READ        0.0074      0.048      0.155      0.877      -0.086       0.101
PV5READ        0.0451      0.048      0.933      0.351      -0.050       0.140
PV6READ       -0.0532      0.047     -1.143      0.253      -0.145       0.038
PV7READ       -0.0117      0.048     -0.246      0.806      -0.105       0.082
PV8READ       -0.0643      0.049     -1.324      0.186      -0.160       0.031
PV9READ        0.0374      0.045      0.836      0.403      -0.050       0.125
PV10READ       0.0556      0.046      1.220      0.223      -0.034       0.145
PV1SCIE        0.5834      0.067      8.658      0.000       0.451       0.716
PV2SCIE        0.0861      0.067      1.290      0.198      -0.045       0.217
PV3SCIE        0.0031      0.073      0.042      0.966      -0.140       0.146
PV4SCIE       -0.0606      0.067     -0.903      0.367      -0.192       0.071
PV5SCIE       -0.0676      0.071     -0.955      0.340      -0.207       0.072
PV6SCIE        0.1198      0.065      1.840      0.066      -0.008       0.248
PV7SCIE        0.0614      0.067      0.922      0.357      -0.069       0.192
PV8SCIE        0.0203      0.067      0.302      0.763      -0.112       0.152
PV9SCIE       -0.0206      0.063     -0.326      0.745      -0.145       0.104
PV1SCEP       -0.0582      0.061     -0.949      0.343      -0.179       0.062
PV2SCEP        0.1012      0.063      1.615      0.107      -0.022       0.224
PV3SCEP       -0.0107      0.058     -0.183      0.855      -0.126       0.104
PV4SCEP       -0.0303      0.063     -0.484      0.628      -0.153       0.093
PV5SCEP       -0.0715      0.069     -1.037      0.300      -0.207       0.064
PV6SCEP        0.1100      0.061      1.813      0.070      -0.009       0.229
PV7SCEP       -0.0841      0.066     -1.284      0.200      -0.213       0.045
PV8SCEP       -0.0221      0.066     -0.335      0.738      -0.152       0.107
PV9SCEP        0.1155      0.065      1.787      0.074      -0.011       0.242
PV10SCEP      -0.0253      0.062     -0.405      0.685      -0.148       0.097
PV1SCED        0.1631      0.049      3.304      0.001       0.066       0.260
PV2SCED       -0.0235      0.055     -0.429      0.668      -0.131       0.084
PV3SCED        0.0521      0.054      0.970      0.333      -0.053       0.158
PV4SCED       -0.0973      0.056     -1.752      0.080      -0.206       0.012
PV5SCED        0.0834      0.056      1.488      0.137      -0.027       0.194
PV6SCED       -0.0556      0.052     -1.067      0.286      -0.158       0.047
PV7SCED        0.0348      0.053      0.651      0.515      -0.070       0.140
PV8SCED       -0.0370      0.049     -0.748      0.455      -0.134       0.060
PV9SCED        0.0198      0.053      0.373      0.709      -0.085       0.124
PV10SCED       0.0595      0.053      1.118      0.264      -0.045       0.164
PV1SCID       -0.0386      0.062     -0.626      0.531      -0.160       0.082
PV2SCID        0.0398      0.061      0.657      0.511      -0.079       0.159
PV3SCID        0.0051      0.063      0.080      0.936      -0.119       0.129
PV4SCID       -0.0073      0.058     -0.125      0.900      -0.121       0.107
PV5SCID        0.0642      0.061      1.050      0.294      -0.056       0.185
PV6SCID       -0.1010      0.064     -1.576      0.116      -0.227       0.025
PV7SCID        0.0455      0.064      0.714      0.476      -0.080       0.171
PV8SCID       -0.0420      0.060     -0.695      0.487      -0.161       0.077
PV9SCID       -0.0259      0.061     -0.425      0.671      -0.146       0.094
PV10SCID      -0.0768      0.060     -1.277      0.202      -0.195       0.041
PV1SKCO       -0.0156      0.062     -0.252      0.801      -0.137       0.106
PV2SKCO        0.0247      0.059      0.417      0.677      -0.092       0.141
PV3SKCO       -0.1633      0.061     -2.688      0.007      -0.283      -0.044
PV4SKCO        0.1251      0.064      1.966      0.050    8.42e-05       0.250
PV5SKCO       -0.0651      0.064     -1.019      0.309      -0.191       0.060
PV6SKCO        0.0598      0.062      0.971      0.332      -0.061       0.181
PV7SKCO       -0.1609      0.062     -2.576      0.010      -0.284      -0.038
PV8SKCO       -0.0278      0.063     -0.441      0.659      -0.151       0.096
PV9SKCO       -0.0129      0.060     -0.215      0.830      -0.131       0.105
PV10SKCO       0.0502      0.061      0.823      0.411      -0.070       0.170
PV1SKPE       -0.0229      0.068     -0.335      0.738      -0.157       0.112
PV2SKPE       -0.0425      0.065     -0.652      0.515      -0.171       0.086
PV3SKPE        0.2286      0.069      3.327      0.001       0.094       0.364
PV4SKPE       -0.0583      0.064     -0.913      0.362      -0.184       0.067
PV5SKPE        0.0586      0.067      0.871      0.384      -0.074       0.191
PV6SKPE       -0.0730      0.067     -1.095      0.274      -0.204       0.058
PV7SKPE        0.0931      0.065      1.443      0.150      -0.034       0.220
PV8SKPE       -0.0112      0.064     -0.174      0.862      -0.137       0.115
PV9SKPE        0.0145      0.061      0.237      0.813      -0.106       0.135
PV10SKPE      -0.0270      0.065     -0.417      0.677      -0.154       0.100
PV1SSPH        0.0896      0.055      1.629      0.104      -0.018       0.198
PV2SSPH        0.0508      0.055      0.919      0.358      -0.058       0.159
PV3SSPH        0.0577      0.055      1.049      0.295      -0.050       0.166
PV4SSPH        0.1474      0.052      2.815      0.005       0.045       0.250
PV5SSPH       -0.0671      0.052     -1.288      0.198      -0.170       0.035
PV6SSPH       -0.0517      0.051     -1.010      0.313      -0.152       0.049
PV7SSPH       -0.0092      0.053     -0.175      0.861      -0.113       0.094
PV8SSPH       -0.0592      0.054     -1.100      0.272      -0.165       0.046
PV9SSPH        0.0536      0.048      1.110      0.267      -0.041       0.148
PV10SSPH       0.0457      0.054      0.840      0.401      -0.061       0.152
PV1SSLI       -0.0337      0.063     -0.535      0.593      -0.157       0.090
PV2SSLI       -0.0619      0.061     -1.019      0.309      -0.181       0.058
PV3SSLI       -0.1190      0.064     -1.869      0.062      -0.244       0.006
PV4SSLI       -0.0470      0.059     -0.797      0.426      -0.163       0.069
PV5SSLI       -0.0060      0.059     -0.103      0.918      -0.122       0.109
PV6SSLI       -0.0065      0.058     -0.111      0.912      -0.121       0.108
PV7SSLI       -0.0631      0.060     -1.044      0.297      -0.182       0.056
PV8SSLI        0.0645      0.055      1.167      0.244      -0.044       0.173
PV9SSLI        0.0472      0.057      0.833      0.405      -0.064       0.158
PV10SSLI       0.1165      0.058      2.006      0.045       0.002       0.231
PV1SSES       -0.0157      0.061     -0.259      0.796      -0.135       0.104
PV2SSES       -0.0723      0.057     -1.258      0.209      -0.185       0.041
PV3SSES       -0.0476      0.054     -0.879      0.380      -0.154       0.059
PV4SSES       -0.0120      0.058     -0.207      0.836      -0.126       0.102
PV5SSES        0.0658      0.054      1.225      0.221      -0.040       0.171
PV6SSES        0.0171      0.057      0.303      0.762      -0.094       0.128
PV7SSES        0.0818      0.055      1.494      0.136      -0.026       0.189
PV10SSES      -0.0854      0.052     -1.639      0.102      -0.188       0.017
==============================================================================
Omnibus:                        5.323   Durbin-Watson:                   1.809
Prob(Omnibus):                  0.070   Jarque-Bera (JB):                7.013
Skew:                          -0.003   Prob(JB):                       0.0300
Kurtosis:                       3.530   Cond. No.                     3.57e+04
==============================================================================

Notes:
[1] Standard Errors assume that the covariance matrix of the errors is correctly specified.
[2] The condition number is large, 3.57e+04. This might indicate that there are
strong multicollinearity or other numerical problems.