                            OLS Regression Results                            
==============================================================================
Dep. Variable:                   MATH   R-squared:                       0.816
Model:                            OLS   Adj. R-squared:                  0.798
Method:                 Least Squares   F-statistic:                     45.66
Date:                Mon, 24 Apr 2023   Prob (F-statistic):          7.07e-167
Time:                        23:38:38   Log-Likelihood:                -3001.4
No. Observations:                 600   AIC:                             6111.
Df Residuals:                     546   BIC:                             6348.
Df Model:                          53                                         
Covariance Type:            nonrobust                                         
==============================================================================
                 coef    std err          t      P>|t|      [0.025      0.975]
------------------------------------------------------------------------------
Intercept     48.2838     10.366      4.658      0.000      27.923      68.645
PV2READ        0.0057      0.038      0.152      0.879      -0.068       0.079
PV7READ        0.0037      0.041      0.091      0.928      -0.076       0.084
PV1SCIE        0.6105      0.059     10.428      0.000       0.495       0.725
PV3SCIE        0.0152      0.062      0.247      0.805      -0.106       0.136
PV5SCIE       -0.0286      0.060     -0.474      0.635      -0.147       0.090
PV7SCIE        0.0762      0.063      1.219      0.223      -0.047       0.199
PV8SCIE       -0.0160      0.060     -0.265      0.791      -0.135       0.103
PV2SCEP        0.0675      0.058      1.168      0.243      -0.046       0.181
PV6SCEP        0.0411      0.054      0.767      0.443      -0.064       0.146
PV10SCEP      -0.0024      0.058     -0.041      0.967      -0.116       0.111
PV1SCED        0.1763      0.044      4.008      0.000       0.090       0.263
PV2SCED       -0.0246      0.051     -0.484      0.628      -0.125       0.075
PV4SCED       -0.1304      0.046     -2.856      0.004      -0.220      -0.041
PV6SCED       -0.0559      0.045     -1.232      0.219      -0.145       0.033
PV7SCED        0.0535      0.048      1.125      0.261      -0.040       0.147
PV9SCED        0.0460      0.048      0.951      0.342      -0.049       0.141
PV1SCID       -0.0652      0.054     -1.218      0.224      -0.170       0.040
PV2SCID        0.0481      0.057      0.851      0.395      -0.063       0.159
PV7SCID       -0.0398      0.054     -0.744      0.457      -0.145       0.065
PV8SCID       -0.0792      0.046     -1.709      0.088      -0.170       0.012
PV9SCID        0.0155      0.052      0.297      0.767      -0.087       0.118
PV10SCID      -0.0299      0.054     -0.553      0.580      -0.136       0.076
PV2SKCO        0.0032      0.049      0.065      0.948      -0.094       0.100
PV3SKCO       -0.1555      0.056     -2.776      0.006      -0.266      -0.045
PV4SKCO        0.0950      0.059      1.601      0.110      -0.022       0.212
PV5SKCO       -0.0594      0.050     -1.196      0.232      -0.157       0.038
PV7SKCO       -0.1122      0.059     -1.904      0.057      -0.228       0.004
PV8SKCO       -0.0352      0.059     -0.601      0.548      -0.150       0.080
PV9SKCO        0.0126      0.049      0.257      0.797      -0.084       0.109
PV10SKCO       0.0127      0.048      0.264      0.792      -0.082       0.107
PV3SKPE        0.2455      0.063      3.916      0.000       0.122       0.369
PV4SKPE       -0.0393      0.060     -0.660      0.510      -0.156       0.078
PV6SKPE       -0.0218      0.054     -0.408      0.684      -0.127       0.083
PV7SKPE        0.0714      0.060      1.196      0.232      -0.046       0.189
PV8SKPE        0.0024      0.060      0.040      0.968      -0.115       0.119
PV2SSPH        0.0781      0.050      1.569      0.117      -0.020       0.176
PV4SSPH        0.1466      0.049      2.991      0.003       0.050       0.243
PV6SSPH       -0.0481      0.047     -1.034      0.301      -0.140       0.043
PV7SSPH        0.0110      0.050      0.222      0.825      -0.086       0.108
PV10SSPH       0.0476      0.052      0.919      0.358      -0.054       0.149
PV1SSLI       -0.0346      0.056     -0.618      0.537      -0.145       0.075
PV2SSLI       -0.0970      0.054     -1.799      0.073      -0.203       0.009
PV4SSLI       -0.0656      0.056     -1.182      0.238      -0.175       0.043
PV5SSLI       -0.0291      0.048     -0.610      0.542      -0.123       0.065
PV7SSLI       -0.0707      0.056     -1.257      0.209      -0.181       0.040
PV8SSLI        0.0544      0.045      1.219      0.223      -0.033       0.142
PV9SSLI        0.0575      0.048      1.206      0.228      -0.036       0.151
PV10SSLI       0.1284      0.055      2.328      0.020       0.020       0.237
PV1SSES        0.0115      0.052      0.222      0.825      -0.090       0.113
PV4SSES        0.0179      0.054      0.332      0.740      -0.088       0.124
PV6SSES        0.0052      0.050      0.104      0.917      -0.092       0.103
PV7SSES        0.0613      0.052      1.183      0.237      -0.041       0.163
PV10SSES      -0.0904      0.049     -1.855      0.064      -0.186       0.005
==============================================================================
Omnibus:                        1.284   Durbin-Watson:                   1.818
Prob(Omnibus):                  0.526   Jarque-Bera (JB):                1.116
Skew:                           0.047   Prob(JB):                        0.572
Kurtosis:                       3.189   Cond. No.                     2.46e+04
==============================================================================

Notes:
[1] Standard Errors assume that the covariance matrix of the errors is correctly specified.
[2] The condition number is large, 2.46e+04. This might indicate that there are
strong multicollinearity or other numerical problems.