                            OLS Regression Results                            
==============================================================================
Dep. Variable:                   MATH   R-squared:                       0.825
Model:                            OLS   Adj. R-squared:                  0.799
Method:                 Least Squares   F-statistic:                     31.08
Date:                Mon, 24 Apr 2023   Prob (F-statistic):          3.36e-152
Time:                        23:38:17   Log-Likelihood:                -2985.8
No. Observations:                 600   AIC:                             6132.
Df Residuals:                     520   BIC:                             6483.
Df Model:                          79                                         
Covariance Type:            nonrobust                                         
==============================================================================
                 coef    std err          t      P>|t|      [0.025      0.975]
------------------------------------------------------------------------------
Intercept     47.1207     10.686      4.409      0.000      26.127      68.114
PV2READ        0.0032      0.043      0.074      0.941      -0.081       0.088
PV6READ       -0.0358      0.043     -0.829      0.407      -0.121       0.049
PV7READ       -0.0065      0.045     -0.147      0.883      -0.094       0.081
PV8READ       -0.0276      0.046     -0.598      0.550      -0.118       0.063
PV9READ        0.0541      0.043      1.263      0.207      -0.030       0.138
PV1SCIE        0.6020      0.061      9.856      0.000       0.482       0.722
PV2SCIE        0.0598      0.065      0.920      0.358      -0.068       0.187
PV3SCIE        0.0063      0.063      0.100      0.920      -0.118       0.130
PV4SCIE       -0.0544      0.061     -0.886      0.376      -0.175       0.066
PV5SCIE       -0.0266      0.063     -0.419      0.675      -0.151       0.098
PV6SCIE        0.1208      0.064      1.899      0.058      -0.004       0.246
PV7SCIE        0.0709      0.065      1.092      0.275      -0.057       0.198
PV8SCIE        0.0173      0.066      0.264      0.792      -0.111       0.146
PV9SCIE       -0.0099      0.062     -0.159      0.874      -0.132       0.112
PV1SCEP       -0.0595      0.060     -0.995      0.320      -0.177       0.058
PV2SCEP        0.0890      0.061      1.466      0.143      -0.030       0.208
PV3SCEP       -0.0106      0.057     -0.185      0.853      -0.123       0.102
PV4SCEP       -0.0165      0.057     -0.287      0.774      -0.129       0.096
PV6SCEP        0.1015      0.060      1.703      0.089      -0.016       0.219
PV7SCEP       -0.0828      0.062     -1.330      0.184      -0.205       0.040
PV10SCEP      -0.0133      0.061     -0.217      0.829      -0.134       0.107
PV1SCED        0.1739      0.048      3.619      0.000       0.079       0.268
PV2SCED       -0.0196      0.054     -0.364      0.716      -0.125       0.086
PV3SCED        0.0719      0.052      1.370      0.171      -0.031       0.175
PV4SCED       -0.1269      0.051     -2.484      0.013      -0.227      -0.027
PV5SCED        0.0582      0.044      1.321      0.187      -0.028       0.145
PV6SCED       -0.0568      0.050     -1.126      0.261      -0.156       0.042
PV7SCED        0.0502      0.052      0.973      0.331      -0.051       0.152
PV8SCED       -0.0535      0.046     -1.167      0.244      -0.144       0.037
PV9SCED        0.0323      0.050      0.653      0.514      -0.065       0.130
PV10SCED       0.0442      0.051      0.867      0.386      -0.056       0.144
PV1SCID       -0.0390      0.060     -0.651      0.515      -0.157       0.079
PV2SCID        0.0497      0.059      0.845      0.398      -0.066       0.165
PV3SCID       -0.0171      0.062     -0.276      0.782      -0.139       0.105
PV6SCID       -0.0797      0.062     -1.286      0.199      -0.201       0.042
PV7SCID        0.0412      0.061      0.678      0.498      -0.078       0.161
PV8SCID       -0.0589      0.052     -1.134      0.257      -0.161       0.043
PV9SCID        0.0249      0.054      0.465      0.642      -0.080       0.130
PV10SCID      -0.0603      0.058     -1.043      0.298      -0.174       0.053
PV1SKCO       -0.0014      0.060     -0.023      0.982      -0.119       0.116
PV2SKCO        0.0141      0.052      0.273      0.785      -0.087       0.116
PV3SKCO       -0.1518      0.059     -2.594      0.010      -0.267      -0.037
PV4SKCO        0.1212      0.062      1.960      0.051      -0.000       0.243
PV5SKCO       -0.0685      0.062     -1.099      0.272      -0.191       0.054
PV7SKCO       -0.1324      0.061     -2.161      0.031      -0.253      -0.012
PV8SKCO       -0.0189      0.061     -0.310      0.756      -0.138       0.101
PV9SKCO        0.0102      0.051      0.200      0.841      -0.090       0.110
PV10SKCO       0.0397      0.060      0.662      0.508      -0.078       0.157
PV1SKPE       -0.0365      0.067     -0.549      0.583      -0.167       0.094
PV3SKPE        0.2392      0.066      3.632      0.000       0.110       0.369
PV4SKPE       -0.0407      0.062     -0.659      0.510      -0.162       0.081
PV5SKPE        0.0503      0.066      0.765      0.444      -0.079       0.179
PV6SKPE       -0.0516      0.055     -0.935      0.350      -0.160       0.057
PV7SKPE        0.0805      0.062      1.290      0.197      -0.042       0.203
PV8SKPE       -0.0188      0.062     -0.301      0.764      -0.141       0.104
PV10SKPE      -0.0216      0.063     -0.343      0.732      -0.145       0.102
PV2SSPH        0.0601      0.052      1.161      0.246      -0.042       0.162
PV4SSPH        0.1446      0.051      2.852      0.005       0.045       0.244
PV5SSPH       -0.0341      0.049     -0.697      0.486      -0.130       0.062
PV6SSPH       -0.0695      0.048     -1.449      0.148      -0.164       0.025
PV7SSPH        0.0046      0.051      0.090      0.928      -0.096       0.105
PV8SSPH       -0.0528      0.053     -1.001      0.317      -0.157       0.051
PV9SSPH        0.0753      0.047      1.608      0.108      -0.017       0.167
PV10SSPH       0.0500      0.053      0.936      0.350      -0.055       0.155
PV1SSLI       -0.0214      0.059     -0.360      0.719      -0.138       0.095
PV2SSLI       -0.1001      0.056     -1.796      0.073      -0.210       0.009
PV3SSLI       -0.0859      0.058     -1.492      0.136      -0.199       0.027
PV4SSLI       -0.0638      0.058     -1.107      0.269      -0.177       0.049
PV5SSLI       -0.0019      0.055     -0.035      0.972      -0.110       0.106
PV7SSLI       -0.0612      0.059     -1.045      0.296      -0.176       0.054
PV8SSLI        0.0783      0.054      1.446      0.149      -0.028       0.185
PV9SSLI        0.0272      0.055      0.493      0.622      -0.081       0.136
PV10SSLI       0.1298      0.057      2.289      0.022       0.018       0.241
PV1SSES        0.0206      0.055      0.372      0.710      -0.088       0.130
PV3SSES       -0.0464      0.052     -0.891      0.373      -0.149       0.056
PV4SSES        0.0113      0.056      0.202      0.840      -0.099       0.121
PV6SSES        0.0201      0.051      0.391      0.696      -0.081       0.121
PV7SSES        0.0741      0.053      1.388      0.166      -0.031       0.179
PV10SSES      -0.0944      0.051     -1.859      0.064      -0.194       0.005
==============================================================================
Omnibus:                        3.265   Durbin-Watson:                   1.798
Prob(Omnibus):                  0.195   Jarque-Bera (JB):                3.721
Skew:                          -0.001   Prob(JB):                        0.156
Kurtosis:                       3.386   Cond. No.                     3.10e+04
==============================================================================

Notes:
[1] Standard Errors assume that the covariance matrix of the errors is correctly specified.
[2] The condition number is large, 3.1e+04. This might indicate that there are
strong multicollinearity or other numerical problems.