                            OLS Regression Results                            
==============================================================================
Dep. Variable:                   MATH   R-squared:                       0.820
Model:                            OLS   Adj. R-squared:                  0.799
Method:                 Least Squares   F-statistic:                     38.89
Date:                Mon, 24 Apr 2023   Prob (F-statistic):          1.32e-161
Time:                        23:38:31   Log-Likelihood:                -2993.8
No. Observations:                 600   AIC:                             6116.
Df Residuals:                     536   BIC:                             6397.
Df Model:                          63                                         
Covariance Type:            nonrobust                                         
==============================================================================
                 coef    std err          t      P>|t|      [0.025      0.975]
------------------------------------------------------------------------------
Intercept     47.4815     10.388      4.571      0.000      27.076      67.887
PV2READ        0.0120      0.038      0.318      0.750      -0.062       0.086
PV7READ       -0.0059      0.041     -0.143      0.886      -0.086       0.075
PV1SCIE        0.6004      0.059     10.110      0.000       0.484       0.717
PV3SCIE        0.0236      0.062      0.380      0.704      -0.099       0.146
PV4SCIE       -0.0530      0.060     -0.881      0.379      -0.171       0.065
PV5SCIE       -0.0346      0.061     -0.567      0.571      -0.154       0.085
PV7SCIE        0.0773      0.063      1.232      0.219      -0.046       0.201
PV8SCIE        0.0026      0.061      0.042      0.967      -0.117       0.122
PV2SCEP        0.0860      0.060      1.443      0.150      -0.031       0.203
PV6SCEP        0.0771      0.058      1.335      0.182      -0.036       0.191
PV7SCEP       -0.0640      0.060     -1.069      0.285      -0.182       0.054
PV10SCEP      -0.0046      0.058     -0.078      0.938      -0.119       0.110
PV1SCED        0.1617      0.045      3.611      0.000       0.074       0.250
PV2SCED       -0.0380      0.052     -0.724      0.469      -0.141       0.065
PV3SCED        0.0840      0.050      1.671      0.095      -0.015       0.183
PV4SCED       -0.1259      0.046     -2.732      0.007      -0.216      -0.035
PV5SCED        0.0626      0.043      1.441      0.150      -0.023       0.148
PV6SCED       -0.0393      0.049     -0.805      0.421      -0.135       0.057
PV7SCED        0.0546      0.050      1.094      0.274      -0.043       0.153
PV8SCED       -0.0523      0.045     -1.161      0.246      -0.141       0.036
PV9SCED        0.0409      0.049      0.841      0.401      -0.055       0.137
PV1SCID       -0.0552      0.054     -1.024      0.306      -0.161       0.051
PV2SCID        0.0499      0.058      0.865      0.387      -0.063       0.163
PV3SCID       -0.0315      0.057     -0.555      0.579      -0.143       0.080
PV6SCID       -0.0690      0.060     -1.141      0.254      -0.188       0.050
PV7SCID        0.0065      0.059      0.110      0.913      -0.109       0.122
PV8SCID       -0.0535      0.050     -1.060      0.290      -0.153       0.046
PV9SCID        0.0250      0.053      0.472      0.637      -0.079       0.129
PV10SCID      -0.0302      0.055     -0.553      0.581      -0.138       0.077
PV1SKCO       -0.0256      0.049     -0.522      0.602      -0.122       0.071
PV2SKCO        0.0197      0.051      0.388      0.698      -0.080       0.119
PV3SKCO       -0.1550      0.057     -2.718      0.007      -0.267      -0.043
PV4SKCO        0.1093      0.060      1.820      0.069      -0.009       0.227
PV5SKCO       -0.0498      0.050     -0.994      0.320      -0.148       0.049
PV7SKCO       -0.1196      0.060     -2.000      0.046      -0.237      -0.002
PV8SKCO       -0.0192      0.059     -0.324      0.746      -0.136       0.097
PV9SKCO        0.0177      0.050      0.357      0.721      -0.080       0.115
PV10SKCO       0.0298      0.048      0.614      0.539      -0.065       0.125
PV3SKPE        0.2601      0.064      4.082      0.000       0.135       0.385
PV4SKPE       -0.0257      0.060     -0.426      0.670      -0.144       0.093
PV6SKPE       -0.0295      0.054     -0.544      0.586      -0.136       0.077
PV7SKPE        0.0781      0.060      1.299      0.195      -0.040       0.196
PV8SKPE       -0.0108      0.060     -0.180      0.857      -0.129       0.108
PV2SSPH        0.0687      0.050      1.361      0.174      -0.030       0.168
PV4SSPH        0.1545      0.050      3.102      0.002       0.057       0.252
PV5SSPH       -0.0158      0.047     -0.332      0.740      -0.109       0.077
PV6SSPH       -0.0612      0.047     -1.300      0.194      -0.154       0.031
PV7SSPH        0.0157      0.050      0.315      0.753      -0.082       0.114
PV10SSPH       0.0481      0.052      0.929      0.353      -0.054       0.150
PV1SSLI       -0.0439      0.056     -0.780      0.436      -0.155       0.067
PV2SSLI       -0.1082      0.054     -1.987      0.047      -0.215      -0.001
PV4SSLI       -0.0667      0.056     -1.183      0.237      -0.177       0.044
PV5SSLI       -0.0325      0.053     -0.614      0.540      -0.137       0.072
PV7SSLI       -0.0813      0.057     -1.427      0.154      -0.193       0.031
PV8SSLI        0.0436      0.045      0.969      0.333      -0.045       0.132
PV9SSLI        0.0622      0.048      1.289      0.198      -0.033       0.157
PV10SSLI       0.1401      0.056      2.521      0.012       0.031       0.249
PV1SSES        0.0355      0.053      0.670      0.503      -0.069       0.139
PV3SSES       -0.0765      0.045     -1.706      0.089      -0.165       0.012
PV4SSES        0.0154      0.055      0.282      0.778      -0.092       0.123
PV6SSES        0.0223      0.050      0.445      0.657      -0.076       0.121
PV7SSES        0.0737      0.053      1.403      0.161      -0.029       0.177
PV10SSES      -0.0877      0.049     -1.785      0.075      -0.184       0.009
==============================================================================
Omnibus:                        1.159   Durbin-Watson:                   1.823
Prob(Omnibus):                  0.560   Jarque-Bera (JB):                1.004
Skew:                          -0.012   Prob(JB):                        0.605
Kurtosis:                       3.199   Cond. No.                     2.69e+04
==============================================================================

Notes:
[1] Standard Errors assume that the covariance matrix of the errors is correctly specified.
[2] The condition number is large, 2.69e+04. This might indicate that there are
strong multicollinearity or other numerical problems.