                            OLS Regression Results                            
==============================================================================
Dep. Variable:                   MATH   R-squared:                       0.833
Model:                            OLS   Adj. R-squared:                  0.800
Method:                 Least Squares   F-statistic:                     24.93
Date:                Mon, 24 Apr 2023   Prob (F-statistic):          5.50e-142
Time:                        23:37:52   Log-Likelihood:                -2971.8
No. Observations:                 600   AIC:                             6146.
Df Residuals:                     499   BIC:                             6590.
Df Model:                         100                                         
Covariance Type:            nonrobust                                         
==============================================================================
                 coef    std err          t      P>|t|      [0.025      0.975]
------------------------------------------------------------------------------
Intercept     47.3951     11.215      4.226      0.000      25.360      69.430
PV1READ        0.0513      0.047      1.091      0.276      -0.041       0.144
PV2READ       -0.0374      0.045     -0.825      0.410      -0.127       0.052
PV3READ       -0.0097      0.049     -0.197      0.844      -0.107       0.087
PV4READ        0.0028      0.048      0.058      0.954      -0.091       0.097
PV5READ        0.0486      0.048      1.005      0.315      -0.046       0.143
PV6READ       -0.0572      0.047     -1.229      0.219      -0.149       0.034
PV7READ       -0.0099      0.048     -0.207      0.836      -0.104       0.084
PV8READ       -0.0761      0.049     -1.555      0.121      -0.172       0.020
PV9READ        0.0349      0.045      0.776      0.438      -0.053       0.123
PV10READ       0.0912      0.050      1.828      0.068      -0.007       0.189
PV1SCIE        0.5879      0.067      8.725      0.000       0.456       0.720
PV2SCIE        0.0949      0.067      1.420      0.156      -0.036       0.226
PV3SCIE        0.0078      0.073      0.107      0.915      -0.135       0.151
PV4SCIE       -0.0508      0.068     -0.752      0.452      -0.183       0.082
PV5SCIE       -0.0659      0.071     -0.930      0.353      -0.205       0.073
PV6SCIE        0.1234      0.065      1.895      0.059      -0.005       0.251
PV7SCIE        0.0472      0.067      0.705      0.481      -0.084       0.179
PV8SCIE        0.0212      0.067      0.314      0.753      -0.111       0.154
PV9SCIE       -0.0227      0.064     -0.357      0.721      -0.148       0.102
PV10SCIE      -0.1058      0.066     -1.598      0.111      -0.236       0.024
PV1SCEP       -0.0541      0.061     -0.881      0.379      -0.175       0.066
PV2SCEP        0.1008      0.063      1.608      0.108      -0.022       0.224
PV3SCEP        0.0002      0.059      0.003      0.998      -0.116       0.117
PV4SCEP       -0.0251      0.063     -0.401      0.688      -0.148       0.098
PV5SCEP       -0.0714      0.069     -1.035      0.301      -0.207       0.064
PV6SCEP        0.1151      0.061      1.887      0.060      -0.005       0.235
PV7SCEP       -0.0927      0.066     -1.414      0.158      -0.222       0.036
PV8SCEP       -0.0289      0.066     -0.438      0.662      -0.158       0.101
PV9SCEP        0.1101      0.065      1.696      0.091      -0.017       0.238
PV10SCEP      -0.0254      0.063     -0.405      0.686      -0.148       0.098
PV1SCED        0.1645      0.050      3.318      0.001       0.067       0.262
PV2SCED       -0.0213      0.055     -0.389      0.697      -0.129       0.086
PV3SCED        0.0495      0.054      0.920      0.358      -0.056       0.155
PV4SCED       -0.1025      0.056     -1.836      0.067      -0.212       0.007
PV5SCED        0.0798      0.056      1.421      0.156      -0.031       0.190
PV6SCED       -0.0555      0.052     -1.065      0.287      -0.158       0.047
PV7SCED        0.0345      0.054      0.643      0.520      -0.071       0.140
PV8SCED       -0.0317      0.049     -0.640      0.523      -0.129       0.066
PV9SCED        0.0274      0.053      0.513      0.608      -0.078       0.132
PV10SCED       0.0655      0.053      1.230      0.219      -0.039       0.170
PV1SCID       -0.0349      0.062     -0.567      0.571      -0.156       0.086
PV2SCID        0.0345      0.061      0.570      0.569      -0.084       0.153
PV3SCID        0.0135      0.064      0.212      0.832      -0.112       0.139
PV4SCID       -0.0043      0.058     -0.074      0.941      -0.118       0.110
PV5SCID        0.0659      0.061      1.073      0.284      -0.055       0.187
PV6SCID       -0.0967      0.064     -1.507      0.132      -0.223       0.029
PV7SCID        0.0476      0.064      0.744      0.457      -0.078       0.173
PV8SCID       -0.0480      0.060     -0.794      0.428      -0.167       0.071
PV9SCID       -0.0199      0.061     -0.327      0.744      -0.140       0.100
PV10SCID      -0.0917      0.061     -1.514      0.131      -0.211       0.027
PV1SKCO       -0.0105      0.063     -0.168      0.867      -0.134       0.113
PV2SKCO        0.0169      0.059      0.285      0.776      -0.100       0.134
PV3SKCO       -0.1685      0.061     -2.772      0.006      -0.288      -0.049
PV4SKCO        0.1174      0.064      1.841      0.066      -0.008       0.243
PV5SKCO       -0.0608      0.064     -0.952      0.342      -0.186       0.065
PV6SKCO        0.0682      0.062      1.104      0.270      -0.053       0.190
PV7SKCO       -0.1577      0.062     -2.525      0.012      -0.280      -0.035
PV8SKCO       -0.0273      0.063     -0.433      0.665      -0.151       0.097
PV9SKCO       -0.0124      0.060     -0.205      0.838      -0.131       0.106
PV10SKCO       0.0533      0.061      0.875      0.382      -0.066       0.173
PV1SKPE       -0.0357      0.069     -0.519      0.604      -0.171       0.099
PV2SKPE       -0.0327      0.065     -0.500      0.617      -0.161       0.096
PV3SKPE        0.2341      0.069      3.403      0.001       0.099       0.369
PV4SKPE       -0.0448      0.064     -0.697      0.486      -0.171       0.081
PV5SKPE        0.0573      0.067      0.853      0.394      -0.075       0.189
PV6SKPE       -0.0757      0.067     -1.137      0.256      -0.207       0.055
PV7SKPE        0.0933      0.065      1.442      0.150      -0.034       0.220
PV8SKPE       -0.0188      0.064     -0.294      0.769      -0.145       0.107
PV9SKPE        0.0119      0.061      0.194      0.847      -0.109       0.132
PV10SKPE      -0.0318      0.065     -0.492      0.623      -0.159       0.095
PV1SSPH        0.0960      0.055      1.744      0.082      -0.012       0.204
PV2SSPH        0.0525      0.055      0.951      0.342      -0.056       0.161
PV3SSPH        0.0721      0.055      1.301      0.194      -0.037       0.181
PV4SSPH        0.1537      0.053      2.919      0.004       0.050       0.257
PV5SSPH       -0.0630      0.052     -1.209      0.227      -0.165       0.039
PV6SSPH       -0.0476      0.051     -0.931      0.352      -0.148       0.053
PV7SSPH        0.0003      0.053      0.005      0.996      -0.104       0.104
PV8SSPH       -0.0919      0.056     -1.628      0.104      -0.203       0.019
PV9SSPH        0.0502      0.051      0.985      0.325      -0.050       0.150
PV10SSPH       0.0597      0.055      1.091      0.276      -0.048       0.167
PV1SSLI       -0.0232      0.063     -0.368      0.713      -0.147       0.101
PV2SSLI       -0.0605      0.061     -0.984      0.325      -0.181       0.060
PV3SSLI       -0.1264      0.064     -1.979      0.048      -0.252      -0.001
PV4SSLI       -0.0297      0.060     -0.497      0.619      -0.147       0.088
PV5SSLI       -0.0134      0.059     -0.226      0.821      -0.129       0.103
PV6SSLI        0.0052      0.059      0.089      0.929      -0.110       0.121
PV7SSLI       -0.0601      0.061     -0.992      0.322      -0.179       0.059
PV8SSLI        0.0368      0.059      0.621      0.535      -0.080       0.153
PV9SSLI        0.0571      0.060      0.953      0.341      -0.061       0.175
PV10SSLI       0.1224      0.059      2.080      0.038       0.007       0.238
PV1SSES       -0.0192      0.061     -0.316      0.752      -0.139       0.100
PV2SSES       -0.0748      0.058     -1.285      0.199      -0.189       0.040
PV3SSES       -0.0566      0.054     -1.042      0.298      -0.163       0.050
PV4SSES       -0.0181      0.058     -0.313      0.754      -0.132       0.096
PV5SSES        0.0605      0.054      1.117      0.264      -0.046       0.167
PV6SSES        0.0088      0.057      0.155      0.877      -0.103       0.120
PV7SSES        0.0737      0.056      1.326      0.185      -0.036       0.183
PV8SSES        0.0883      0.056      1.566      0.118      -0.022       0.199
PV9SSES       -0.0178      0.057     -0.313      0.755      -0.130       0.094
PV10SSES      -0.0957      0.053     -1.803      0.072      -0.200       0.009
==============================================================================
Omnibus:                        4.320   Durbin-Watson:                   1.790
Prob(Omnibus):                  0.115   Jarque-Bera (JB):                5.323
Skew:                          -0.015   Prob(JB):                       0.0698
Kurtosis:                       3.460   Cond. No.                     3.67e+04
==============================================================================

Notes:
[1] Standard Errors assume that the covariance matrix of the errors is correctly specified.
[2] The condition number is large, 3.67e+04. This might indicate that there are
strong multicollinearity or other numerical problems.