                            OLS Regression Results                            
==============================================================================
Dep. Variable:                   MATH   R-squared:                       0.831
Model:                            OLS   Adj. R-squared:                  0.800
Method:                 Least Squares   F-statistic:                     26.44
Date:                Mon, 24 Apr 2023   Prob (F-statistic):          6.12e-145
Time:                        23:38:00   Log-Likelihood:                -2975.5
No. Observations:                 600   AIC:                             6141.
Df Residuals:                     505   BIC:                             6559.
Df Model:                          94                                         
Covariance Type:            nonrobust                                         
==============================================================================
                 coef    std err          t      P>|t|      [0.025      0.975]
------------------------------------------------------------------------------
Intercept     45.8446     11.038      4.153      0.000      24.158      67.531
PV1READ        0.0592      0.047      1.266      0.206      -0.033       0.151
PV2READ       -0.0268      0.045     -0.602      0.548      -0.114       0.061
PV3READ       -0.0009      0.049     -0.019      0.985      -0.098       0.096
PV4READ        0.0169      0.047      0.362      0.718      -0.075       0.109
PV5READ        0.0494      0.048      1.031      0.303      -0.045       0.143
PV6READ       -0.0511      0.046     -1.103      0.271      -0.142       0.040
PV7READ       -0.0052      0.047     -0.111      0.911      -0.098       0.087
PV8READ       -0.0581      0.048     -1.205      0.229      -0.153       0.037
PV9READ        0.0388      0.045      0.870      0.385      -0.049       0.126
PV1SCIE        0.5877      0.067      8.772      0.000       0.456       0.719
PV2SCIE        0.0841      0.067      1.264      0.207      -0.047       0.215
PV3SCIE       -0.0017      0.073     -0.023      0.981      -0.144       0.141
PV4SCIE       -0.0725      0.066     -1.093      0.275      -0.203       0.058
PV5SCIE       -0.0699      0.071     -0.991      0.322      -0.208       0.069
PV6SCIE        0.1152      0.065      1.779      0.076      -0.012       0.242
PV7SCIE        0.0625      0.066      0.942      0.347      -0.068       0.193
PV8SCIE        0.0169      0.067      0.252      0.801      -0.115       0.149
PV9SCIE       -0.0242      0.063     -0.383      0.702      -0.148       0.100
PV1SCEP       -0.0585      0.061     -0.957      0.339      -0.179       0.062
PV2SCEP        0.1054      0.062      1.692      0.091      -0.017       0.228
PV3SCEP       -0.0134      0.058     -0.230      0.818      -0.128       0.101
PV4SCEP       -0.0274      0.062     -0.445      0.656      -0.148       0.093
PV5SCEP       -0.0711      0.069     -1.035      0.301      -0.206       0.064
PV6SCEP        0.1113      0.061      1.837      0.067      -0.008       0.230
PV7SCEP       -0.0957      0.065     -1.483      0.139      -0.222       0.031
PV9SCEP        0.1195      0.063      1.907      0.057      -0.004       0.243
PV10SCEP      -0.0260      0.062     -0.418      0.676      -0.148       0.096
PV1SCED        0.1629      0.049      3.307      0.001       0.066       0.260
PV2SCED       -0.0289      0.054     -0.531      0.596      -0.136       0.078
PV3SCED        0.0542      0.054      1.012      0.312      -0.051       0.159
PV4SCED       -0.0953      0.055     -1.721      0.086      -0.204       0.013
PV5SCED        0.0802      0.056      1.442      0.150      -0.029       0.189
PV6SCED       -0.0513      0.052     -0.993      0.321      -0.153       0.050
PV7SCED        0.0397      0.052      0.757      0.449      -0.063       0.143
PV8SCED       -0.0408      0.048     -0.857      0.392      -0.134       0.053
PV9SCED        0.0170      0.053      0.320      0.749      -0.087       0.121
PV10SCED       0.0603      0.053      1.145      0.253      -0.043       0.164
PV1SCID       -0.0379      0.061     -0.619      0.536      -0.158       0.083
PV2SCID        0.0378      0.060      0.629      0.530      -0.080       0.156
PV3SCID        0.0053      0.063      0.083      0.934      -0.119       0.129
PV4SCID       -0.0080      0.058     -0.138      0.890      -0.121       0.105
PV5SCID        0.0688      0.061      1.134      0.257      -0.050       0.188
PV6SCID       -0.1072      0.064     -1.682      0.093      -0.232       0.018
PV7SCID        0.0518      0.063      0.818      0.414      -0.073       0.176
PV8SCID       -0.0482      0.054     -0.898      0.370      -0.154       0.057
PV9SCID       -0.0243      0.060     -0.406      0.685      -0.142       0.093
PV10SCID      -0.0753      0.059     -1.272      0.204      -0.192       0.041
PV1SKCO       -0.0195      0.061     -0.317      0.751      -0.140       0.101
PV2SKCO        0.0271      0.059      0.459      0.647      -0.089       0.143
PV3SKCO       -0.1601      0.060     -2.650      0.008      -0.279      -0.041
PV4SKCO        0.1236      0.063      1.955      0.051      -0.001       0.248
PV5SKCO       -0.0684      0.064     -1.076      0.283      -0.193       0.057
PV6SKCO        0.0570      0.062      0.927      0.354      -0.064       0.178
PV7SKCO       -0.1635      0.062     -2.626      0.009      -0.286      -0.041
PV8SKCO       -0.0315      0.062     -0.506      0.613      -0.154       0.091
PV9SKCO        0.0039      0.052      0.075      0.940      -0.098       0.106
PV10SKCO       0.0486      0.061      0.799      0.424      -0.071       0.168
PV1SKPE       -0.0164      0.068     -0.242      0.809      -0.149       0.117
PV2SKPE       -0.0440      0.064     -0.685      0.494      -0.170       0.082
PV3SKPE        0.2311      0.068      3.387      0.001       0.097       0.365
PV4SKPE       -0.0548      0.063     -0.865      0.387      -0.179       0.070
PV5SKPE        0.0643      0.067      0.962      0.336      -0.067       0.196
PV6SKPE       -0.0721      0.067     -1.084      0.279      -0.203       0.059
PV7SKPE        0.0996      0.064      1.552      0.121      -0.027       0.226
PV8SKPE       -0.0101      0.063     -0.159      0.874      -0.135       0.115
PV10SKPE      -0.0297      0.065     -0.460      0.646      -0.156       0.097
PV1SSPH        0.0869      0.055      1.586      0.113      -0.021       0.195
PV2SSPH        0.0507      0.055      0.920      0.358      -0.058       0.159
PV3SSPH        0.0567      0.055      1.033      0.302      -0.051       0.165
PV4SSPH        0.1428      0.052      2.743      0.006       0.041       0.245
PV5SSPH       -0.0694      0.052     -1.337      0.182      -0.171       0.033
PV6SSPH       -0.0474      0.051     -0.931      0.352      -0.148       0.053
PV7SSPH       -0.0086      0.052     -0.163      0.870      -0.111       0.094
PV8SSPH       -0.0576      0.053     -1.078      0.282      -0.163       0.047
PV9SSPH        0.0532      0.048      1.108      0.268      -0.041       0.147
PV10SSPH       0.0490      0.054      0.909      0.364      -0.057       0.155
PV1SSLI       -0.0328      0.063     -0.522      0.602      -0.156       0.091
PV2SSLI       -0.0694      0.060     -1.151      0.250      -0.188       0.049
PV3SSLI       -0.1203      0.064     -1.895      0.059      -0.245       0.004
PV4SSLI       -0.0445      0.059     -0.756      0.450      -0.160       0.071
PV5SSLI       -0.0072      0.059     -0.123      0.902      -0.122       0.108
PV6SSLI       -0.0049      0.058     -0.085      0.932      -0.119       0.109
PV7SSLI       -0.0595      0.060     -0.992      0.322      -0.177       0.058
PV8SSLI        0.0677      0.055      1.233      0.218      -0.040       0.176
PV9SSLI        0.0472      0.057      0.834      0.405      -0.064       0.158
PV10SSLI       0.1160      0.058      2.007      0.045       0.002       0.230
PV1SSES       -0.0118      0.060     -0.196      0.845      -0.130       0.107
PV2SSES       -0.0655      0.057     -1.155      0.249      -0.177       0.046
PV3SSES       -0.0436      0.054     -0.814      0.416      -0.149       0.062
PV4SSES       -0.0121      0.058     -0.209      0.834      -0.126       0.101
PV5SSES        0.0682      0.053      1.277      0.202      -0.037       0.173
PV6SSES        0.0116      0.056      0.207      0.836      -0.099       0.122
PV7SSES        0.0807      0.055      1.480      0.140      -0.026       0.188
PV10SSES      -0.0886      0.052     -1.706      0.089      -0.191       0.013
==============================================================================
Omnibus:                        4.806   Durbin-Watson:                   1.812
Prob(Omnibus):                  0.090   Jarque-Bera (JB):                6.124
Skew:                           0.011   Prob(JB):                       0.0468
Kurtosis:                       3.494   Cond. No.                     3.50e+04
==============================================================================

Notes:
[1] Standard Errors assume that the covariance matrix of the errors is correctly specified.
[2] The condition number is large, 3.5e+04. This might indicate that there are
strong multicollinearity or other numerical problems.