                            OLS Regression Results                            
==============================================================================
Dep. Variable:                   MATH   R-squared:                       0.818
Model:                            OLS   Adj. R-squared:                  0.799
Method:                 Least Squares   F-statistic:                     41.97
Date:                Mon, 24 Apr 2023   Prob (F-statistic):          3.54e-164
Time:                        23:38:35   Log-Likelihood:                -2997.7
No. Observations:                 600   AIC:                             6113.
Df Residuals:                     541   BIC:                             6373.
Df Model:                          58                                         
Covariance Type:            nonrobust                                         
==============================================================================
                 coef    std err          t      P>|t|      [0.025      0.975]
------------------------------------------------------------------------------
Intercept     47.3253     10.375      4.561      0.000      26.944      67.706
PV2READ        0.0044      0.038      0.116      0.908      -0.069       0.078
PV7READ       -0.0038      0.041     -0.092      0.927      -0.084       0.077
PV1SCIE        0.5972      0.059     10.052      0.000       0.481       0.714
PV3SCIE        0.0118      0.062      0.191      0.849      -0.110       0.134
PV5SCIE       -0.0455      0.061     -0.750      0.454      -0.165       0.074
PV7SCIE        0.0748      0.063      1.194      0.233      -0.048       0.198
PV8SCIE       -0.0094      0.061     -0.155      0.877      -0.129       0.110
PV2SCEP        0.0917      0.059      1.557      0.120      -0.024       0.207
PV6SCEP        0.0525      0.054      0.972      0.331      -0.054       0.159
PV7SCEP       -0.0609      0.059     -1.027      0.305      -0.178       0.056
PV10SCEP      -0.0008      0.058     -0.013      0.989      -0.115       0.113
PV1SCED        0.1684      0.044      3.794      0.000       0.081       0.256
PV2SCED       -0.0509      0.052     -0.977      0.329      -0.153       0.051
PV3SCED        0.0872      0.050      1.744      0.082      -0.011       0.185
PV4SCED       -0.1356      0.046     -2.966      0.003      -0.225      -0.046
PV5SCED        0.0504      0.043      1.172      0.242      -0.034       0.135
PV6SCED       -0.0628      0.045     -1.381      0.168      -0.152       0.027
PV7SCED        0.0477      0.049      0.965      0.335      -0.049       0.145
PV9SCED        0.0483      0.049      0.994      0.321      -0.047       0.144
PV1SCID       -0.0657      0.054     -1.225      0.221      -0.171       0.040
PV2SCID        0.0476      0.057      0.830      0.407      -0.065       0.160
PV3SCID       -0.0463      0.056     -0.832      0.406      -0.156       0.063
PV7SCID       -0.0027      0.058     -0.047      0.963      -0.117       0.112
PV8SCID       -0.0841      0.046     -1.808      0.071      -0.175       0.007
PV9SCID        0.0148      0.053      0.282      0.778      -0.089       0.118
PV10SCID      -0.0308      0.054     -0.566      0.571      -0.138       0.076
PV2SKCO        0.0063      0.050      0.127      0.899      -0.092       0.104
PV3SKCO       -0.1611      0.057     -2.839      0.005      -0.273      -0.050
PV4SKCO        0.1008      0.060      1.689      0.092      -0.016       0.218
PV5SKCO       -0.0568      0.050     -1.142      0.254      -0.155       0.041
PV7SKCO       -0.1163      0.059     -1.961      0.050      -0.233       0.000
PV8SKCO       -0.0264      0.059     -0.447      0.655      -0.142       0.089
PV9SKCO        0.0199      0.049      0.405      0.686      -0.077       0.117
PV10SKCO       0.0177      0.048      0.367      0.714      -0.077       0.112
PV3SKPE        0.2502      0.063      3.943      0.000       0.126       0.375
PV4SKPE       -0.0333      0.060     -0.555      0.579      -0.151       0.085
PV6SKPE       -0.0317      0.054     -0.589      0.556      -0.138       0.074
PV7SKPE        0.0745      0.060      1.245      0.214      -0.043       0.192
PV8SKPE       -0.0117      0.060     -0.195      0.846      -0.130       0.106
PV2SSPH        0.0726      0.050      1.446      0.149      -0.026       0.171
PV4SSPH        0.1489      0.049      3.011      0.003       0.052       0.246
PV5SSPH       -0.0196      0.047     -0.414      0.679      -0.112       0.073
PV6SSPH       -0.0567      0.047     -1.206      0.228      -0.149       0.036
PV7SSPH        0.0165      0.050      0.333      0.739      -0.081       0.114
PV10SSPH       0.0447      0.052      0.863      0.389      -0.057       0.146
PV1SSLI       -0.0395      0.056     -0.704      0.482      -0.150       0.071
PV2SSLI       -0.0952      0.054     -1.765      0.078      -0.201       0.011
PV4SSLI       -0.0595      0.056     -1.064      0.288      -0.169       0.050
PV5SSLI       -0.0305      0.053     -0.576      0.565      -0.134       0.073
PV7SSLI       -0.0837      0.056     -1.482      0.139      -0.195       0.027
PV8SSLI        0.0492      0.045      1.100      0.272      -0.039       0.137
PV9SSLI        0.0543      0.048      1.134      0.257      -0.040       0.148
PV10SSLI       0.1363      0.056      2.456      0.014       0.027       0.245
PV1SSES        0.0188      0.052      0.361      0.718      -0.083       0.121
PV4SSES        0.0109      0.055      0.200      0.842      -0.096       0.118
PV6SSES        0.0176      0.050      0.351      0.726      -0.081       0.116
PV7SSES        0.0758      0.052      1.450      0.148      -0.027       0.178
PV10SSES      -0.0971      0.049     -1.983      0.048      -0.193      -0.001
==============================================================================
Omnibus:                        1.364   Durbin-Watson:                   1.812
Prob(Omnibus):                  0.506   Jarque-Bera (JB):                1.234
Skew:                          -0.007   Prob(JB):                        0.539
Kurtosis:                       3.222   Cond. No.                     2.57e+04
==============================================================================

Notes:
[1] Standard Errors assume that the covariance matrix of the errors is correctly specified.
[2] The condition number is large, 2.57e+04. This might indicate that there are
strong multicollinearity or other numerical problems.