                            OLS Regression Results                            
==============================================================================
Dep. Variable:                   MATH   R-squared:                       0.822
Model:                            OLS   Adj. R-squared:                  0.799
Method:                 Least Squares   F-statistic:                     36.61
Date:                Mon, 24 Apr 2023   Prob (F-statistic):          2.99e-159
Time:                        23:38:28   Log-Likelihood:                -2991.7
No. Observations:                 600   AIC:                             6119.
Df Residuals:                     532   BIC:                             6418.
Df Model:                          67                                         
Covariance Type:            nonrobust                                         
==============================================================================
                 coef    std err          t      P>|t|      [0.025      0.975]
------------------------------------------------------------------------------
Intercept     48.3647     10.501      4.606      0.000      27.736      68.993
PV2READ        0.0142      0.038      0.372      0.710      -0.061       0.089
PV7READ       -0.0121      0.041     -0.295      0.768      -0.093       0.069
PV1SCIE        0.5946      0.060      9.983      0.000       0.478       0.712
PV3SCIE        0.0181      0.062      0.291      0.771      -0.104       0.141
PV4SCIE       -0.0532      0.060     -0.884      0.377      -0.171       0.065
PV5SCIE       -0.0228      0.061     -0.372      0.710      -0.143       0.098
PV7SCIE        0.0780      0.063      1.239      0.216      -0.046       0.202
PV8SCIE        0.0083      0.061      0.135      0.893      -0.112       0.129
PV2SCEP        0.0883      0.060      1.479      0.140      -0.029       0.206
PV4SCEP       -0.0042      0.056     -0.076      0.940      -0.114       0.105
PV6SCEP        0.0863      0.058      1.475      0.141      -0.029       0.201
PV7SCEP       -0.0673      0.060     -1.114      0.266      -0.186       0.051
PV10SCEP      -0.0042      0.059     -0.071      0.943      -0.119       0.111
PV1SCED        0.1644      0.045      3.648      0.000       0.076       0.253
PV2SCED       -0.0374      0.053     -0.712      0.477      -0.141       0.066
PV3SCED        0.0829      0.050      1.648      0.100      -0.016       0.182
PV4SCED       -0.1285      0.050     -2.594      0.010      -0.226      -0.031
PV5SCED        0.0662      0.044      1.519      0.129      -0.019       0.152
PV6SCED       -0.0426      0.049     -0.869      0.385      -0.139       0.054
PV7SCED        0.0509      0.050      1.009      0.313      -0.048       0.150
PV8SCED       -0.0578      0.045     -1.277      0.202      -0.147       0.031
PV9SCED        0.0352      0.049      0.721      0.471      -0.061       0.131
PV1SCID       -0.0641      0.055     -1.164      0.245      -0.172       0.044
PV2SCID        0.0466      0.058      0.808      0.420      -0.067       0.160
PV3SCID       -0.0248      0.057     -0.434      0.665      -0.137       0.087
PV6SCID       -0.0814      0.061     -1.334      0.183      -0.201       0.039
PV7SCID        0.0130      0.059      0.219      0.827      -0.104       0.129
PV8SCID       -0.0549      0.051     -1.083      0.279      -0.155       0.045
PV9SCID        0.0220      0.053      0.415      0.678      -0.082       0.126
PV10SCID      -0.0338      0.055     -0.616      0.538      -0.142       0.074
PV1SKCO       -0.0187      0.049     -0.380      0.704      -0.116       0.078
PV2SKCO        0.0172      0.051      0.339      0.735      -0.083       0.117
PV3SKCO       -0.1428      0.058     -2.483      0.013      -0.256      -0.030
PV4SKCO        0.1150      0.060      1.904      0.057      -0.004       0.234
PV5SKCO       -0.0784      0.061     -1.290      0.198      -0.198       0.041
PV7SKCO       -0.1233      0.060     -2.056      0.040      -0.241      -0.005
PV8SKCO       -0.0234      0.060     -0.393      0.694      -0.140       0.094
PV9SKCO        0.0116      0.050      0.230      0.818      -0.088       0.111
PV10SKCO       0.0296      0.049      0.609      0.543      -0.066       0.125
PV3SKPE        0.2435      0.065      3.771      0.000       0.117       0.370
PV4SKPE       -0.0359      0.061     -0.593      0.553      -0.155       0.083
PV5SKPE        0.0466      0.065      0.721      0.471      -0.080       0.174
PV6SKPE       -0.0372      0.055     -0.680      0.497      -0.144       0.070
PV7SKPE        0.0822      0.061      1.353      0.177      -0.037       0.201
PV8SKPE       -0.0044      0.061     -0.073      0.942      -0.124       0.115
PV2SSPH        0.0683      0.051      1.341      0.181      -0.032       0.168
PV4SSPH        0.1539      0.050      3.072      0.002       0.055       0.252
PV5SSPH       -0.0220      0.048     -0.457      0.648      -0.116       0.072
PV6SSPH       -0.0633      0.047     -1.335      0.182      -0.156       0.030
PV7SSPH        0.0087      0.051      0.172      0.863      -0.091       0.108
PV8SSPH       -0.0496      0.052     -0.957      0.339      -0.151       0.052
PV9SSPH        0.0771      0.046      1.680      0.094      -0.013       0.167
PV10SSPH       0.0395      0.052      0.755      0.451      -0.063       0.142
PV1SSLI       -0.0324      0.057     -0.568      0.570      -0.145       0.080
PV2SSLI       -0.1039      0.055     -1.902      0.058      -0.211       0.003
PV4SSLI       -0.0613      0.057     -1.084      0.279      -0.172       0.050
PV5SSLI       -0.0234      0.053     -0.440      0.660      -0.128       0.081
PV7SSLI       -0.0745      0.057     -1.297      0.195      -0.187       0.038
PV8SSLI        0.0727      0.053      1.371      0.171      -0.031       0.177
PV9SSLI        0.0234      0.053      0.438      0.662      -0.082       0.128
PV10SSLI       0.1367      0.056      2.447      0.015       0.027       0.246
PV1SSES        0.0300      0.053      0.563      0.573      -0.075       0.135
PV3SSES       -0.0771      0.045     -1.714      0.087      -0.165       0.011
PV4SSES        0.0088      0.055      0.160      0.873      -0.100       0.117
PV6SSES        0.0234      0.051      0.463      0.643      -0.076       0.123
PV7SSES        0.0775      0.053      1.466      0.143      -0.026       0.181
PV10SSES      -0.0830      0.049     -1.682      0.093      -0.180       0.014
==============================================================================
Omnibus:                        1.685   Durbin-Watson:                   1.800
Prob(Omnibus):                  0.431   Jarque-Bera (JB):                1.593
Skew:                          -0.029   Prob(JB):                        0.451
Kurtosis:                       3.246   Cond. No.                     2.80e+04
==============================================================================

Notes:
[1] Standard Errors assume that the covariance matrix of the errors is correctly specified.
[2] The condition number is large, 2.8e+04. This might indicate that there are
strong multicollinearity or other numerical problems.